<?xml version="1.0" encoding="utf-8"?>
<COLLADA xmlns="http://www.collada.org/2005/11/COLLADASchema" version="1.4.1">
  <asset><contributor><author></author><authoring_tool>FBX COLLADA exporter</authoring_tool><comments></comments></contributor><created>2018-04-19T11:54:46Z</created><keywords></keywords><modified>2018-04-19T11:54:46Z</modified><revision></revision><subject></subject><title></title><unit meter="0.010000" name="centimeter"></unit><up_axis>Y_UP</up_axis></asset>
  <library_animations>
    <animation id="jnt_hips-anim" name="jnt_hips"><animation><source id="jnt_hips-Matrix-animation-input"><float_array id="jnt_hips-Matrix-animation-input-array" count="121">

0.000000 0.033333 0.066667 0.100000 0.133333 0.166667 0.200000 0.233333 0.266667 0.300000 0.333333 0.366667 0.400000 0.433333 0.466667 0.500000
0.533333 0.566667 0.600000 0.633333 0.666667 0.700000 0.733333 0.766667 0.800000 0.833333 0.866667 0.900000 0.933333 0.966667 1.000000 1.033333
1.066667 1.100000 1.133333 1.166667 1.200000 1.233333 1.266667 1.300000 1.333333 1.366667 1.400000 1.433333 1.466667 1.500000 1.533333 1.566667
1.600000 1.633333 1.666667 1.700000 1.733333 1.766667 1.800000 1.833333 1.866667 1.900000 1.933333 1.966667 2.000000 2.033333 2.066667 2.100000
2.133333 2.166667 2.200000 2.233333 2.266667 2.300000 2.333333 2.366667 2.400000 2.433333 2.466667 2.500000 2.533333 2.566667 2.600000 2.633333
2.666667 2.700000 2.733333 2.766667 2.800000 2.833333 2.866667 2.900000 2.933333 2.966667 3.000000 3.033333 3.066667 3.100000 3.133333 3.166667
3.200000 3.233333 3.266667 3.300000 3.333333 3.366667 3.400000 3.433333 3.466667 3.500000 3.533333 3.566667 3.600000 3.633333 3.666667 3.700000
3.733333 3.766667 3.800000 3.833333 3.866667 3.900000 3.933333 3.966667 4.000000</float_array><technique_common><accessor source="#jnt_hips-Matrix-animation-input-array" count="121"><param name="TIME" type="float"/></accessor></technique_common></source><source id="jnt_hips-Matrix-animation-output-transform"><float_array id="jnt_hips-Matrix-animation-output-transform-array" count="1936">

0.961461 -0.010974 -0.274722 0.005651 -0.002571 0.998800 -0.048898 1.940700 0.274929 0.047720 0.960279 -0.246250 0.000000 0.000000 0.000000 1.000000
0.961461 -0.010974 -0.274722 0.005651 -0.002571 0.998800 -0.048898 1.940700 0.274929 0.047720 0.960279 -0.246250 0.000000 0.000000 0.000000 1.000000
0.961461 -0.010974 -0.274722 0.005651 -0.002571 0.998800 -0.048898 1.940700 0.274929 0.047720 0.960279 -0.246250 0.000000 0.000000 0.000000 1.000000
0.961461 -0.010974 -0.274722 0.005651 -0.002571 0.998800 -0.048898 1.940700 0.274929 0.047720 0.960279 -0.246250 0.000000 0.000000 0.000000 1.000000
0.961461 -0.010974 -0.274722 0.005651 -0.002571 0.998800 -0.048898 1.940700 0.274929 0.047720 0.960279 -0.246250 0.000000 0.000000 0.000000 1.000000
0.961461 -0.010974 -0.274722 0.005651 -0.002571 0.998800 -0.048898 1.940700 0.274929 0.047720 0.960279 -0.246250 0.000000 0.000000 0.000000 1.000000
0.961461 -0.010974 -0.274722 0.005651 -0.002571 0.998800 -0.048898 1.940700 0.274929 0.047720 0.960279 -0.246250 0.000000 0.000000 0.000000 1.000000
0.961461 -0.010974 -0.274722 0.005651 -0.002571 0.998800 -0.048898 1.940700 0.274929 0.047720 0.960279 -0.246250 0.000000 0.000000 0.000000 1.000000
0.961461 -0.010974 -0.274722 0.005651 -0.002571 0.998800 -0.048898 1.940700 0.274929 0.047720 0.960279 -0.246250 0.000000 0.000000 0.000000 1.000000
0.961461 -0.010974 -0.274722 0.005651 -0.002571 0.998800 -0.048898 1.940700 0.274929 0.047720 0.960279 -0.246250 0.000000 0.000000 0.000000 1.000000
0.961461 -0.010974 -0.274722 0.005651 -0.002571 0.998800 -0.048898 1.940700 0.274929 0.047720 0.960279 -0.246250 0.000000 0.000000 0.000000 1.000000
0.961461 -0.010974 -0.274722 0.005651 -0.002571 0.998800 -0.048898 1.940700 0.274929 0.047720 0.960279 -0.246250 0.000000 0.000000 0.000000 1.000000
0.961461 -0.010974 -0.274722 0.005651 -0.002571 0.998800 -0.048898 1.940700 0.274929 0.047720 0.960279 -0.246250 0.000000 0.000000 0.000000 1.000000
0.961461 -0.010974 -0.274722 0.005651 -0.002571 0.998800 -0.048898 1.940700 0.274929 0.047720 0.960279 -0.246250 0.000000 0.000000 0.000000 1.000000
0.961461 -0.010974 -0.274722 0.005651 -0.002571 0.998800 -0.048898 1.940700 0.274929 0.047720 0.960279 -0.246250 0.000000 0.000000 0.000000 1.000000
0.961461 -0.010974 -0.274722 0.005651 -0.002571 0.998800 -0.048898 1.940700 0.274929 0.047720 0.960279 -0.246250 0.000000 0.000000 0.000000 1.000000
0.961461 -0.010974 -0.274722 0.005651 -0.002571 0.998800 -0.048898 1.940700 0.274929 0.047720 0.960279 -0.246250 0.000000 0.000000 0.000000 1.000000
0.961461 -0.010974 -0.274722 0.005651 -0.002571 0.998800 -0.048898 1.940700 0.274929 0.047720 0.960279 -0.246250 0.000000 0.000000 0.000000 1.000000
0.961461 -0.010974 -0.274722 0.005651 -0.002571 0.998800 -0.048898 1.940700 0.274929 0.047720 0.960279 -0.246250 0.000000 0.000000 0.000000 1.000000
0.961461 -0.010974 -0.274722 0.005651 -0.002571 0.998800 -0.048898 1.940700 0.274929 0.047720 0.960279 -0.246250 0.000000 0.000000 0.000000 1.000000
0.961461 -0.010974 -0.274722 0.005651 -0.002571 0.998800 -0.048898 1.940700 0.274929 0.047720 0.960279 -0.246250 0.000000 0.000000 0.000000 1.000000
0.961461 -0.010974 -0.274722 0.005651 -0.002571 0.998800 -0.048898 1.940700 0.274929 0.047720 0.960280 -0.246250 0.000000 0.000000 0.000000 1.000000
0.961461 -0.010974 -0.274722 0.005651 -0.002571 0.998800 -0.048898 1.940700 0.274929 0.047720 0.960280 -0.246250 0.000000 0.000000 0.000000 1.000000
0.961461 -0.010974 -0.274722 0.005651 -0.002571 0.998800 -0.048898 1.940700 0.274929 0.047720 0.960280 -0.246250 0.000000 0.000000 0.000000 1.000000
0.961461 -0.010974 -0.274722 0.005651 -0.002571 0.998800 -0.048898 1.940700 0.274929 0.047720 0.960280 -0.246250 0.000000 0.000000 0.000000 1.000000
0.961461 -0.010974 -0.274722 0.005651 -0.002571 0.998800 -0.048898 1.940700 0.274929 0.047720 0.960280 -0.246250 0.000000 0.000000 0.000000 1.000000
0.961461 -0.010974 -0.274722 0.005651 -0.002571 0.998800 -0.048898 1.940700 0.274929 0.047720 0.960280 -0.246250 0.000000 0.000000 0.000000 1.000000
0.961461 -0.010974 -0.274722 0.005651 -0.002571 0.998800 -0.048898 1.940700 0.274929 0.047720 0.960280 -0.246250 0.000000 0.000000 0.000000 1.000000
0.961461 -0.010974 -0.274722 0.005651 -0.002571 0.998800 -0.048898 1.940700 0.274929 0.047720 0.960280 -0.246250 0.000000 0.000000 0.000000 1.000000
0.961461 -0.010974 -0.274722 0.005651 -0.002571 0.998800 -0.048898 1.940700 0.274929 0.047720 0.960280 -0.246250 0.000000 0.000000 0.000000 1.000000
0.961461 -0.010974 -0.274722 0.005651 -0.002571 0.998800 -0.048898 1.940700 0.274929 0.047720 0.960280 -0.246250 0.000000 0.000000 0.000000 1.000000
0.961461 -0.010974 -0.274722 0.005651 -0.002571 0.998800 -0.048898 1.940700 0.274929 0.047720 0.960280 -0.246250 0.000000 0.000000 0.000000 1.000000
0.961461 -0.010974 -0.274722 0.005651 -0.002571 0.998800 -0.048898 1.940700 0.274929 0.047720 0.960280 -0.246250 0.000000 0.000000 0.000000 1.000000
0.961461 -0.010974 -0.274722 0.005651 -0.002571 0.998800 -0.048898 1.940700 0.274929 0.047720 0.960280 -0.246250 0.000000 0.000000 0.000000 1.000000
0.961461 -0.010974 -0.274722 0.005651 -0.002571 0.998800 -0.048898 1.940700 0.274929 0.047720 0.960280 -0.246250 0.000000 0.000000 0.000000 1.000000
0.961461 -0.010974 -0.274722 0.005651 -0.002571 0.998800 -0.048898 1.940700 0.274929 0.047720 0.960280 -0.246250 0.000000 0.000000 0.000000 1.000000
0.961461 -0.010974 -0.274722 0.005651 -0.002571 0.998800 -0.048898 1.940700 0.274929 0.047720 0.960280 -0.246250 0.000000 0.000000 0.000000 1.000000
0.961461 -0.010974 -0.274722 0.005651 -0.002571 0.998800 -0.048898 1.940700 0.274929 0.047720 0.960280 -0.246250 0.000000 0.000000 0.000000 1.000000
0.961461 -0.010974 -0.274722 0.005651 -0.002571 0.998800 -0.048898 1.940700 0.274929 0.047720 0.960280 -0.246250 0.000000 0.000000 0.000000 1.000000
0.961461 -0.010974 -0.274722 0.005651 -0.002571 0.998800 -0.048898 1.940700 0.274929 0.047720 0.960280 -0.246250 0.000000 0.000000 0.000000 1.000000
0.961461 -0.010974 -0.274722 0.005651 -0.002571 0.998800 -0.048898 1.940700 0.274929 0.047720 0.960280 -0.246250 0.000000 0.000000 0.000000 1.000000
0.961461 -0.010974 -0.274722 0.005651 -0.002571 0.998800 -0.048898 1.940700 0.274929 0.047720 0.960280 -0.246250 0.000000 0.000000 0.000000 1.000000
0.961461 -0.010974 -0.274722 0.005651 -0.002571 0.998800 -0.048898 1.940700 0.274929 0.047720 0.960280 -0.246250 0.000000 0.000000 0.000000 1.000000
0.961461 -0.010974 -0.274722 0.005651 -0.002571 0.998800 -0.048898 1.940700 0.274929 0.047720 0.960280 -0.246250 0.000000 0.000000 0.000000 1.000000
0.961461 -0.010974 -0.274722 0.005651 -0.002571 0.998800 -0.048898 1.940700 0.274929 0.047720 0.960280 -0.246250 0.000000 0.000000 0.000000 1.000000
0.961461 -0.010974 -0.274722 0.005651 -0.002571 0.998800 -0.048898 1.940700 0.274929 0.047720 0.960280 -0.246250 0.000000 0.000000 0.000000 1.000000
0.961461 -0.010974 -0.274722 0.005651 -0.002571 0.998800 -0.048898 1.940700 0.274929 0.047720 0.960280 -0.246250 0.000000 0.000000 0.000000 1.000000
0.961461 -0.010974 -0.274722 0.005651 -0.002571 0.998800 -0.048898 1.940700 0.274929 0.047720 0.960280 -0.246250 0.000000 0.000000 0.000000 1.000000
0.961461 -0.010974 -0.274722 0.005651 -0.002571 0.998800 -0.048898 1.940700 0.274929 0.047720 0.960280 -0.246250 0.000000 0.000000 0.000000 1.000000
0.961461 -0.010974 -0.274722 0.005651 -0.002571 0.998800 -0.048898 1.940700 0.274929 0.047720 0.960280 -0.246250 0.000000 0.000000 0.000000 1.000000
0.961461 -0.010974 -0.274722 0.005651 -0.002571 0.998800 -0.048898 1.940700 0.274929 0.047720 0.960280 -0.246250 0.000000 0.000000 0.000000 1.000000
0.961461 -0.010974 -0.274722 0.005651 -0.002571 0.998800 -0.048898 1.940700 0.274929 0.047720 0.960279 -0.246250 0.000000 0.000000 0.000000 1.000000
0.961461 -0.010974 -0.274722 0.005651 -0.002571 0.998800 -0.048898 1.940700 0.274929 0.047720 0.960279 -0.246250 0.000000 0.000000 0.000000 1.000000
0.961461 -0.010974 -0.274722 0.005651 -0.002571 0.998800 -0.048898 1.940700 0.274929 0.047720 0.960279 -0.246250 0.000000 0.000000 0.000000 1.000000
0.961461 -0.010974 -0.274722 0.005651 -0.002571 0.998800 -0.048898 1.940700 0.274929 0.047720 0.960279 -0.246250 0.000000 0.000000 0.000000 1.000000
0.961461 -0.010974 -0.274722 0.005651 -0.002571 0.998800 -0.048898 1.940700 0.274929 0.047720 0.960279 -0.246250 0.000000 0.000000 0.000000 1.000000
0.961461 -0.010974 -0.274722 0.005651 -0.002571 0.998800 -0.048898 1.940700 0.274929 0.047720 0.960279 -0.246250 0.000000 0.000000 0.000000 1.000000
0.961461 -0.010974 -0.274722 0.005651 -0.002571 0.998800 -0.048898 1.940700 0.274929 0.047720 0.960279 -0.246250 0.000000 0.000000 0.000000 1.000000
0.961461 -0.010974 -0.274722 0.005651 -0.002571 0.998800 -0.048898 1.940700 0.274929 0.047720 0.960279 -0.246250 0.000000 0.000000 0.000000 1.000000
0.961461 -0.010974 -0.274722 0.005651 -0.002571 0.998800 -0.048898 1.940700 0.274929 0.047720 0.960279 -0.246250 0.000000 0.000000 0.000000 1.000000
0.961461 -0.010974 -0.274722 0.005651 -0.002571 0.998800 -0.048898 1.940700 0.274929 0.047720 0.960279 -0.246250 0.000000 0.000000 0.000000 1.000000
0.961461 -0.010974 -0.274722 0.005651 -0.002571 0.998800 -0.048898 1.940700 0.274929 0.047720 0.960279 -0.246250 0.000000 0.000000 0.000000 1.000000
0.961461 -0.010974 -0.274722 0.005651 -0.002571 0.998800 -0.048898 1.940700 0.274929 0.047720 0.960279 -0.246250 0.000000 0.000000 0.000000 1.000000
0.961461 -0.010974 -0.274722 0.005651 -0.002571 0.998800 -0.048898 1.940700 0.274929 0.047720 0.960279 -0.246250 0.000000 0.000000 0.000000 1.000000
0.961461 -0.010974 -0.274722 0.005651 -0.002571 0.998800 -0.048898 1.940700 0.274929 0.047720 0.960279 -0.246250 0.000000 0.000000 0.000000 1.000000
0.961461 -0.010974 -0.274722 0.005651 -0.002571 0.998800 -0.048898 1.940700 0.274929 0.047720 0.960279 -0.246250 0.000000 0.000000 0.000000 1.000000
0.961461 -0.010974 -0.274722 0.005651 -0.002571 0.998800 -0.048898 1.940700 0.274929 0.047720 0.960279 -0.246250 0.000000 0.000000 0.000000 1.000000
0.961461 -0.010974 -0.274722 0.005651 -0.002571 0.998800 -0.048898 1.940700 0.274929 0.047720 0.960279 -0.246250 0.000000 0.000000 0.000000 1.000000
0.961461 -0.010974 -0.274722 0.005651 -0.002571 0.998800 -0.048898 1.940700 0.274929 0.047720 0.960280 -0.246250 0.000000 0.000000 0.000000 1.000000
0.961461 -0.010974 -0.274722 0.005651 -0.002571 0.998800 -0.048898 1.940700 0.274929 0.047720 0.960280 -0.246250 0.000000 0.000000 0.000000 1.000000
0.961461 -0.010974 -0.274722 0.005651 -0.002571 0.998800 -0.048898 1.940700 0.274929 0.047720 0.960280 -0.246250 0.000000 0.000000 0.000000 1.000000
0.961461 -0.010974 -0.274722 0.005651 -0.002571 0.998800 -0.048898 1.940700 0.274929 0.047720 0.960280 -0.246250 0.000000 0.000000 0.000000 1.000000
0.961461 -0.010974 -0.274722 0.005651 -0.002571 0.998800 -0.048898 1.940700 0.274929 0.047720 0.960280 -0.246250 0.000000 0.000000 0.000000 1.000000
0.961461 -0.010974 -0.274722 0.005651 -0.002571 0.998800 -0.048898 1.940700 0.274929 0.047720 0.960280 -0.246250 0.000000 0.000000 0.000000 1.000000
0.961461 -0.010974 -0.274722 0.005651 -0.002571 0.998800 -0.048898 1.940700 0.274929 0.047720 0.960280 -0.246250 0.000000 0.000000 0.000000 1.000000
0.961461 -0.010974 -0.274722 0.005651 -0.002571 0.998800 -0.048898 1.940700 0.274929 0.047720 0.960280 -0.246250 0.000000 0.000000 0.000000 1.000000
0.961461 -0.010974 -0.274722 0.005651 -0.002571 0.998800 -0.048898 1.940700 0.274929 0.047720 0.960280 -0.246250 0.000000 0.000000 0.000000 1.000000
0.961461 -0.010974 -0.274722 0.005651 -0.002571 0.998800 -0.048898 1.940700 0.274929 0.047720 0.960280 -0.246250 0.000000 0.000000 0.000000 1.000000
0.961461 -0.010974 -0.274722 0.005651 -0.002571 0.998800 -0.048898 1.940700 0.274929 0.047720 0.960280 -0.246250 0.000000 0.000000 0.000000 1.000000
0.961461 -0.010974 -0.274722 0.005651 -0.002571 0.998800 -0.048898 1.940700 0.274929 0.047720 0.960280 -0.246250 0.000000 0.000000 0.000000 1.000000
0.961461 -0.010974 -0.274722 0.005651 -0.002571 0.998800 -0.048898 1.940700 0.274929 0.047720 0.960280 -0.246250 0.000000 0.000000 0.000000 1.000000
0.961461 -0.010974 -0.274722 0.005651 -0.002571 0.998800 -0.048898 1.940700 0.274929 0.047720 0.960280 -0.246250 0.000000 0.000000 0.000000 1.000000
0.961461 -0.010974 -0.274722 0.005651 -0.002571 0.998800 -0.048898 1.940700 0.274929 0.047720 0.960280 -0.246250 0.000000 0.000000 0.000000 1.000000
0.961461 -0.010974 -0.274722 0.005651 -0.002571 0.998800 -0.048898 1.940700 0.274929 0.047720 0.960280 -0.246250 0.000000 0.000000 0.000000 1.000000
0.961461 -0.010974 -0.274722 0.005651 -0.002571 0.998800 -0.048898 1.940700 0.274929 0.047720 0.960280 -0.246250 0.000000 0.000000 0.000000 1.000000
0.961461 -0.010974 -0.274722 0.005651 -0.002571 0.998800 -0.048898 1.940700 0.274929 0.047720 0.960280 -0.246250 0.000000 0.000000 0.000000 1.000000
0.961461 -0.010974 -0.274722 0.005651 -0.002571 0.998800 -0.048898 1.940700 0.274929 0.047720 0.960280 -0.246250 0.000000 0.000000 0.000000 1.000000
0.961461 -0.010974 -0.274722 0.005651 -0.002571 0.998800 -0.048898 1.940700 0.274929 0.047720 0.960280 -0.246250 0.000000 0.000000 0.000000 1.000000
0.961461 -0.010974 -0.274722 0.005651 -0.002571 0.998800 -0.048898 1.940700 0.274929 0.047720 0.960280 -0.246250 0.000000 0.000000 0.000000 1.000000
0.961461 -0.010974 -0.274722 0.005651 -0.002571 0.998800 -0.048898 1.940700 0.274929 0.047720 0.960280 -0.246250 0.000000 0.000000 0.000000 1.000000
0.961461 -0.010974 -0.274722 0.005651 -0.002571 0.998800 -0.048898 1.940700 0.274929 0.047720 0.960280 -0.246250 0.000000 0.000000 0.000000 1.000000
0.961461 -0.010974 -0.274722 0.005651 -0.002571 0.998800 -0.048898 1.940700 0.274929 0.047720 0.960280 -0.246250 0.000000 0.000000 0.000000 1.000000
0.961461 -0.010974 -0.274722 0.005651 -0.002571 0.998800 -0.048898 1.940700 0.274929 0.047720 0.960280 -0.246250 0.000000 0.000000 0.000000 1.000000
0.961461 -0.010974 -0.274722 0.005651 -0.002571 0.998800 -0.048898 1.940700 0.274929 0.047720 0.960280 -0.246250 0.000000 0.000000 0.000000 1.000000
0.961461 -0.010974 -0.274722 0.005651 -0.002571 0.998800 -0.048898 1.940700 0.274929 0.047720 0.960280 -0.246250 0.000000 0.000000 0.000000 1.000000
0.961461 -0.010974 -0.274722 0.005651 -0.002571 0.998800 -0.048898 1.940700 0.274929 0.047720 0.960280 -0.246250 0.000000 0.000000 0.000000 1.000000
0.961461 -0.010974 -0.274722 0.005651 -0.002571 0.998800 -0.048898 1.940700 0.274929 0.047720 0.960280 -0.246250 0.000000 0.000000 0.000000 1.000000
0.961461 -0.010974 -0.274722 0.005651 -0.002571 0.998800 -0.048898 1.940700 0.274929 0.047720 0.960280 -0.246250 0.000000 0.000000 0.000000 1.000000
0.961461 -0.010974 -0.274722 0.005651 -0.002571 0.998800 -0.048898 1.940700 0.274929 0.047720 0.960280 -0.246250 0.000000 0.000000 0.000000 1.000000
0.961461 -0.010974 -0.274722 0.005651 -0.002571 0.998800 -0.048898 1.940700 0.274929 0.047720 0.960280 -0.246250 0.000000 0.000000 0.000000 1.000000
0.961461 -0.010974 -0.274722 0.005651 -0.002571 0.998800 -0.048898 1.940700 0.274929 0.047720 0.960280 -0.246250 0.000000 0.000000 0.000000 1.000000
0.961461 -0.010974 -0.274722 0.005651 -0.002571 0.998800 -0.048898 1.940700 0.274929 0.047720 0.960280 -0.246250 0.000000 0.000000 0.000000 1.000000
0.961461 -0.010974 -0.274722 0.005651 -0.002571 0.998800 -0.048898 1.940700 0.274929 0.047720 0.960280 -0.246250 0.000000 0.000000 0.000000 1.000000
0.961461 -0.010974 -0.274722 0.005651 -0.002571 0.998800 -0.048898 1.940700 0.274929 0.047720 0.960280 -0.246250 0.000000 0.000000 0.000000 1.000000
0.961461 -0.010974 -0.274722 0.005651 -0.002571 0.998800 -0.048898 1.940700 0.274929 0.047720 0.960280 -0.246250 0.000000 0.000000 0.000000 1.000000
0.961461 -0.010974 -0.274722 0.005651 -0.002571 0.998800 -0.048898 1.940700 0.274929 0.047720 0.960280 -0.246250 0.000000 0.000000 0.000000 1.000000
0.961461 -0.010974 -0.274722 0.005651 -0.002571 0.998800 -0.048898 1.940700 0.274929 0.047720 0.960280 -0.246250 0.000000 0.000000 0.000000 1.000000
0.961461 -0.010974 -0.274722 0.005651 -0.002571 0.998800 -0.048898 1.940700 0.274929 0.047720 0.960279 -0.246250 0.000000 0.000000 0.000000 1.000000
0.961461 -0.010974 -0.274722 0.005651 -0.002571 0.998800 -0.048898 1.940700 0.274929 0.047720 0.960279 -0.246250 0.000000 0.000000 0.000000 1.000000
0.961461 -0.010974 -0.274722 0.005651 -0.002571 0.998800 -0.048898 1.940700 0.274929 0.047720 0.960279 -0.246250 0.000000 0.000000 0.000000 1.000000
0.961461 -0.010974 -0.274722 0.005651 -0.002571 0.998800 -0.048898 1.940700 0.274929 0.047720 0.960279 -0.246250 0.000000 0.000000 0.000000 1.000000
0.961461 -0.010974 -0.274722 0.005651 -0.002571 0.998800 -0.048898 1.940700 0.274929 0.047720 0.960279 -0.246250 0.000000 0.000000 0.000000 1.000000
0.961461 -0.010974 -0.274722 0.005651 -0.002571 0.998800 -0.048898 1.940700 0.274929 0.047720 0.960279 -0.246250 0.000000 0.000000 0.000000 1.000000
0.961461 -0.010974 -0.274722 0.005651 -0.002571 0.998800 -0.048898 1.940700 0.274929 0.047720 0.960279 -0.246250 0.000000 0.000000 0.000000 1.000000
0.961461 -0.010974 -0.274722 0.005651 -0.002571 0.998800 -0.048898 1.940700 0.274929 0.047720 0.960279 -0.246250 0.000000 0.000000 0.000000 1.000000
0.961461 -0.010974 -0.274722 0.005651 -0.002571 0.998800 -0.048898 1.940700 0.274929 0.047720 0.960279 -0.246250 0.000000 0.000000 0.000000 1.000000
0.961461 -0.010974 -0.274722 0.005651 -0.002571 0.998800 -0.048898 1.940700 0.274929 0.047720 0.960279 -0.246250 0.000000 0.000000 0.000000 1.000000
0.961461 -0.010974 -0.274722 0.005651 -0.002571 0.998800 -0.048898 1.940700 0.274929 0.047720 0.960279 -0.246250 0.000000 0.000000 0.000000 1.000000
0.961461 -0.010974 -0.274722 0.005651 -0.002571 0.998800 -0.048898 1.940700 0.274929 0.047720 0.960279 -0.246250 0.000000 0.000000 0.000000 1.000000
0.961461 -0.010974 -0.274722 0.005651 -0.002571 0.998800 -0.048898 1.940700 0.274929 0.047720 0.960279 -0.246250 0.000000 0.000000 0.000000 1.000000
0.961461 -0.010974 -0.274722 0.005651 -0.002571 0.998800 -0.048898 1.940700 0.274929 0.047720 0.960279 -0.246250 0.000000 0.000000 0.000000 1.000000</float_array><technique_common><accessor source="#jnt_hips-Matrix-animation-output-transform-array" count="121" stride="16"><param type="float4x4"/></accessor></technique_common></source><source id="jnt_hips-Interpolations"><Name_array id="jnt_hips-Interpolations-array" count="121">
 LINEAR LINEAR LINEAR LINEAR LINEAR LINEAR LINEAR LINEAR LINEAR LINEAR LINEAR
LINEAR LINEAR LINEAR LINEAR LINEAR LINEAR LINEAR LINEAR LINEAR LINEAR LINEAR LINEAR
LINEAR LINEAR LINEAR LINEAR LINEAR LINEAR LINEAR LINEAR LINEAR LINEAR LINEAR LINEAR
LINEAR LINEAR LINEAR LINEAR LINEAR LINEAR LINEAR LINEAR LINEAR LINEAR LINEAR LINEAR
LINEAR LINEAR LINEAR LINEAR LINEAR LINEAR LINEAR LINEAR LINEAR LINEAR LINEAR LINEAR
LINEAR LINEAR LINEAR LINEAR LINEAR LINEAR LINEAR LINEAR LINEAR LINEAR LINEAR LINEAR
LINEAR LINEAR LINEAR LINEAR LINEAR LINEAR LINEAR LINEAR LINEAR LINEAR LINEAR LINEAR
LINEAR LINEAR LINEAR LINEAR LINEAR LINEAR LINEAR LINEAR LINEAR LINEAR LINEAR LINEAR
LINEAR LINEAR LINEAR LINEAR LINEAR LINEAR LINEAR LINEAR LINEAR LINEAR LINEAR LINEAR
LINEAR LINEAR LINEAR LINEAR LINEAR LINEAR LINEAR LINEAR LINEAR LINEAR LINEAR LINEAR
LINEAR LINEAR</Name_array><technique_common><accessor source="#jnt_hips-Interpolations-array" count="121"><param type="name"/></accessor></technique_common></source><sampler id="jnt_hips-Matrix-animation-transform"><input semantic="INPUT" source="#jnt_hips-Matrix-animation-input"/><input semantic="OUTPUT" source="#jnt_hips-Matrix-animation-output-transform"/><input semantic="INTERPOLATION" source="#jnt_hips-Interpolations"/></sampler><channel source="#jnt_hips-Matrix-animation-transform" target="jnt_hips/matrix"/></animation></animation>
    <animation id="jnt_right_upleg-anim" name="jnt_right_upleg"><animation><source id="jnt_right_upleg-Matrix-animation-input"><float_array id="jnt_right_upleg-Matrix-animation-input-array" count="121">

0.000000 0.033333 0.066667 0.100000 0.133333 0.166667 0.200000 0.233333 0.266667 0.300000 0.333333 0.366667 0.400000 0.433333 0.466667 0.500000
0.533333 0.566667 0.600000 0.633333 0.666667 0.700000 0.733333 0.766667 0.800000 0.833333 0.866667 0.900000 0.933333 0.966667 1.000000 1.033333
1.066667 1.100000 1.133333 1.166667 1.200000 1.233333 1.266667 1.300000 1.333333 1.366667 1.400000 1.433333 1.466667 1.500000 1.533333 1.566667
1.600000 1.633333 1.666667 1.700000 1.733333 1.766667 1.800000 1.833333 1.866667 1.900000 1.933333 1.966667 2.000000 2.033333 2.066667 2.100000
2.133333 2.166667 2.200000 2.233333 2.266667 2.300000 2.333333 2.366667 2.400000 2.433333 2.466667 2.500000 2.533333 2.566667 2.600000 2.633333
2.666667 2.700000 2.733333 2.766667 2.800000 2.833333 2.866667 2.900000 2.933333 2.966667 3.000000 3.033333 3.066667 3.100000 3.133333 3.166667
3.200000 3.233333 3.266667 3.300000 3.333333 3.366667 3.400000 3.433333 3.466667 3.500000 3.533333 3.566667 3.600000 3.633333 3.666667 3.700000
3.733333 3.766667 3.800000 3.833333 3.866667 3.900000 3.933333 3.966667 4.000000</float_array><technique_common><accessor source="#jnt_right_upleg-Matrix-animation-input-array" count="121"><param name="TIME" type="float"/></accessor></technique_common></source><source id="jnt_right_upleg-Matrix-animation-output-transform"><float_array id="jnt_right_upleg-Matrix-animation-output-transform-array" count="1936">

-0.156104 -0.161651 -0.974423 -0.446780 -0.987700 0.034506 0.152506 -0.111214 0.008971 0.986245 -0.165049 0.043020 0.000000 0.000000 0.000000 1.000000
-0.156104 -0.161651 -0.974423 -0.446780 -0.987700 0.034505 0.152506 -0.111214 0.008970 0.986245 -0.165049 0.043020 0.000000 0.000000 0.000000 1.000000
-0.156104 -0.161651 -0.974423 -0.446780 -0.987700 0.034506 0.152506 -0.111214 0.008971 0.986245 -0.165049 0.043020 0.000000 0.000000 0.000000 1.000000
-0.156104 -0.161651 -0.974423 -0.446780 -0.987700 0.034506 0.152506 -0.111214 0.008971 0.986245 -0.165049 0.043020 0.000000 0.000000 0.000000 1.000000
-0.156104 -0.161651 -0.974423 -0.446780 -0.987700 0.034506 0.152506 -0.111214 0.008971 0.986245 -0.165049 0.043020 0.000000 0.000000 0.000000 1.000000
-0.156104 -0.161651 -0.974423 -0.446780 -0.987700 0.034506 0.152506 -0.111214 0.008970 0.986245 -0.165049 0.043020 0.000000 0.000000 0.000000 1.000000
-0.156104 -0.161651 -0.974423 -0.446780 -0.987700 0.034505 0.152506 -0.111214 0.008969 0.986245 -0.165049 0.043020 0.000000 0.000000 0.000000 1.000000
-0.156104 -0.161651 -0.974423 -0.446780 -0.987700 0.034505 0.152506 -0.111214 0.008970 0.986245 -0.165049 0.043020 0.000000 0.000000 0.000000 1.000000
-0.156104 -0.161651 -0.974423 -0.446780 -0.987700 0.034506 0.152507 -0.111214 0.008971 0.986245 -0.165049 0.043020 0.000000 0.000000 0.000000 1.000000
-0.156104 -0.161651 -0.974423 -0.446780 -0.987700 0.034505 0.152506 -0.111214 0.008970 0.986245 -0.165049 0.043020 0.000000 0.000000 0.000000 1.000000
-0.156104 -0.161651 -0.974423 -0.446780 -0.987700 0.034505 0.152506 -0.111214 0.008970 0.986245 -0.165049 0.043020 0.000000 0.000000 0.000000 1.000000
-0.156104 -0.161651 -0.974423 -0.446780 -0.987700 0.034505 0.152506 -0.111214 0.008970 0.986245 -0.165049 0.043020 0.000000 0.000000 0.000000 1.000000
-0.156104 -0.161651 -0.974423 -0.446780 -0.987700 0.034506 0.152506 -0.111214 0.008971 0.986245 -0.165049 0.043020 0.000000 0.000000 0.000000 1.000000
-0.156104 -0.161651 -0.974423 -0.446780 -0.987700 0.034507 0.152506 -0.111214 0.008971 0.986245 -0.165049 0.043020 0.000000 0.000000 0.000000 1.000000
-0.156104 -0.161651 -0.974423 -0.446780 -0.987700 0.034507 0.152506 -0.111214 0.008971 0.986245 -0.165049 0.043020 0.000000 0.000000 0.000000 1.000000
-0.156104 -0.161651 -0.974423 -0.446780 -0.987700 0.034507 0.152506 -0.111214 0.008972 0.986244 -0.165049 0.043020 0.000000 0.000000 0.000000 1.000000
-0.156104 -0.161651 -0.974423 -0.446780 -0.987700 0.034508 0.152506 -0.111214 0.008973 0.986245 -0.165049 0.043020 0.000000 0.000000 0.000000 1.000000
-0.156104 -0.161651 -0.974423 -0.446780 -0.987700 0.034507 0.152506 -0.111214 0.008971 0.986245 -0.165049 0.043020 0.000000 0.000000 0.000000 1.000000
-0.156104 -0.161651 -0.974423 -0.446780 -0.987700 0.034508 0.152506 -0.111214 0.008972 0.986245 -0.165049 0.043020 0.000000 0.000000 0.000000 1.000000
-0.156104 -0.161651 -0.974423 -0.446780 -0.987700 0.034507 0.152506 -0.111214 0.008972 0.986245 -0.165049 0.043020 0.000000 0.000000 0.000000 1.000000
-0.156104 -0.161651 -0.974423 -0.446780 -0.987700 0.034508 0.152506 -0.111214 0.008973 0.986244 -0.165049 0.043020 0.000000 0.000000 0.000000 1.000000
-0.156104 -0.161651 -0.974423 -0.446780 -0.987700 0.034508 0.152506 -0.111214 0.008973 0.986245 -0.165049 0.043020 0.000000 0.000000 0.000000 1.000000
-0.156104 -0.161651 -0.974423 -0.446780 -0.987700 0.034507 0.152506 -0.111214 0.008972 0.986245 -0.165049 0.043020 0.000000 0.000000 0.000000 1.000000
-0.156104 -0.161651 -0.974423 -0.446780 -0.987700 0.034509 0.152506 -0.111214 0.008973 0.986244 -0.165049 0.043020 0.000000 0.000000 0.000000 1.000000
-0.156104 -0.161651 -0.974423 -0.446780 -0.987700 0.034508 0.152506 -0.111214 0.008972 0.986245 -0.165049 0.043020 0.000000 0.000000 0.000000 1.000000
-0.156104 -0.161651 -0.974423 -0.446780 -0.987700 0.034508 0.152506 -0.111214 0.008972 0.986244 -0.165049 0.043020 0.000000 0.000000 0.000000 1.000000
-0.156104 -0.161651 -0.974423 -0.446780 -0.987700 0.034508 0.152506 -0.111214 0.008972 0.986244 -0.165049 0.043020 0.000000 0.000000 0.000000 1.000000
-0.156104 -0.161651 -0.974423 -0.446780 -0.987700 0.034508 0.152506 -0.111214 0.008973 0.986244 -0.165049 0.043020 0.000000 0.000000 0.000000 1.000000
-0.156104 -0.161651 -0.974423 -0.446780 -0.987700 0.034508 0.152506 -0.111214 0.008973 0.986245 -0.165049 0.043020 0.000000 0.000000 0.000000 1.000000
-0.156104 -0.161651 -0.974423 -0.446780 -0.987700 0.034507 0.152506 -0.111214 0.008972 0.986244 -0.165049 0.043020 0.000000 0.000000 0.000000 1.000000
-0.156104 -0.161651 -0.974423 -0.446780 -0.987700 0.034507 0.152506 -0.111214 0.008972 0.986244 -0.165049 0.043020 0.000000 0.000000 0.000000 1.000000
-0.156104 -0.161651 -0.974423 -0.446780 -0.987700 0.034508 0.152506 -0.111214 0.008972 0.986244 -0.165049 0.043020 0.000000 0.000000 0.000000 1.000000
-0.156104 -0.161651 -0.974423 -0.446780 -0.987700 0.034507 0.152506 -0.111214 0.008972 0.986244 -0.165049 0.043020 0.000000 0.000000 0.000000 1.000000
-0.156104 -0.161651 -0.974423 -0.446780 -0.987700 0.034507 0.152506 -0.111214 0.008972 0.986244 -0.165049 0.043020 0.000000 0.000000 0.000000 1.000000
-0.156104 -0.161651 -0.974423 -0.446780 -0.987700 0.034509 0.152506 -0.111214 0.008973 0.986244 -0.165049 0.043020 0.000000 0.000000 0.000000 1.000000
-0.156104 -0.161651 -0.974423 -0.446780 -0.987700 0.034507 0.152506 -0.111214 0.008972 0.986245 -0.165049 0.043020 0.000000 0.000000 0.000000 1.000000
-0.156104 -0.161651 -0.974423 -0.446780 -0.987700 0.034507 0.152506 -0.111214 0.008972 0.986245 -0.165049 0.043020 0.000000 0.000000 0.000000 1.000000
-0.156104 -0.161651 -0.974423 -0.446780 -0.987700 0.034508 0.152506 -0.111214 0.008973 0.986244 -0.165049 0.043020 0.000000 0.000000 0.000000 1.000000
-0.156104 -0.161651 -0.974423 -0.446780 -0.987700 0.034508 0.152506 -0.111214 0.008973 0.986244 -0.165049 0.043020 0.000000 0.000000 0.000000 1.000000
-0.156104 -0.161651 -0.974423 -0.446780 -0.987700 0.034507 0.152506 -0.111214 0.008971 0.986244 -0.165050 0.043020 0.000000 0.000000 0.000000 1.000000
-0.156104 -0.161651 -0.974423 -0.446780 -0.987700 0.034507 0.152506 -0.111214 0.008971 0.986244 -0.165049 0.043020 0.000000 0.000000 0.000000 1.000000
-0.156104 -0.161651 -0.974423 -0.446780 -0.987700 0.034506 0.152506 -0.111214 0.008971 0.986244 -0.165050 0.043020 0.000000 0.000000 0.000000 1.000000
-0.156104 -0.161651 -0.974423 -0.446780 -0.987700 0.034507 0.152506 -0.111214 0.008972 0.986244 -0.165049 0.043020 0.000000 0.000000 0.000000 1.000000
-0.156104 -0.161651 -0.974423 -0.446780 -0.987700 0.034507 0.152506 -0.111214 0.008972 0.986245 -0.165049 0.043020 0.000000 0.000000 0.000000 1.000000
-0.156104 -0.161651 -0.974423 -0.446780 -0.987700 0.034506 0.152506 -0.111214 0.008971 0.986245 -0.165049 0.043020 0.000000 0.000000 0.000000 1.000000
-0.156104 -0.161651 -0.974423 -0.446780 -0.987700 0.034508 0.152506 -0.111214 0.008973 0.986244 -0.165049 0.043020 0.000000 0.000000 0.000000 1.000000
-0.156104 -0.161651 -0.974423 -0.446780 -0.987700 0.034508 0.152507 -0.111214 0.008973 0.986244 -0.165049 0.043020 0.000000 0.000000 0.000000 1.000000
-0.156104 -0.161651 -0.974423 -0.446780 -0.987700 0.034508 0.152506 -0.111214 0.008973 0.986244 -0.165049 0.043020 0.000000 0.000000 0.000000 1.000000
-0.156104 -0.161651 -0.974423 -0.446780 -0.987700 0.034508 0.152506 -0.111214 0.008973 0.986244 -0.165049 0.043020 0.000000 0.000000 0.000000 1.000000
-0.156104 -0.161651 -0.974423 -0.446780 -0.987700 0.034507 0.152507 -0.111214 0.008972 0.986244 -0.165049 0.043020 0.000000 0.000000 0.000000 1.000000
-0.156104 -0.161651 -0.974423 -0.446780 -0.987700 0.034506 0.152506 -0.111214 0.008971 0.986244 -0.165050 0.043020 0.000000 0.000000 0.000000 1.000000
-0.156104 -0.161651 -0.974423 -0.446780 -0.987700 0.034507 0.152506 -0.111214 0.008972 0.986244 -0.165049 0.043020 0.000000 0.000000 0.000000 1.000000
-0.156104 -0.161651 -0.974423 -0.446780 -0.987700 0.034507 0.152506 -0.111214 0.008971 0.986245 -0.165049 0.043020 0.000000 0.000000 0.000000 1.000000
-0.156104 -0.161651 -0.974423 -0.446780 -0.987700 0.034507 0.152506 -0.111214 0.008971 0.986245 -0.165049 0.043020 0.000000 0.000000 0.000000 1.000000
-0.156104 -0.161651 -0.974423 -0.446780 -0.987700 0.034508 0.152506 -0.111214 0.008972 0.986245 -0.165049 0.043020 0.000000 0.000000 0.000000 1.000000
-0.156104 -0.161651 -0.974423 -0.446780 -0.987700 0.034508 0.152506 -0.111214 0.008972 0.986245 -0.165049 0.043020 0.000000 0.000000 0.000000 1.000000
-0.156104 -0.161651 -0.974423 -0.446780 -0.987700 0.034508 0.152506 -0.111214 0.008972 0.986245 -0.165049 0.043020 0.000000 0.000000 0.000000 1.000000
-0.156104 -0.161651 -0.974423 -0.446780 -0.987700 0.034507 0.152506 -0.111214 0.008971 0.986245 -0.165049 0.043020 0.000000 0.000000 0.000000 1.000000
-0.156104 -0.161651 -0.974423 -0.446780 -0.987700 0.034507 0.152506 -0.111214 0.008971 0.986245 -0.165049 0.043020 0.000000 0.000000 0.000000 1.000000
-0.156104 -0.161651 -0.974423 -0.446780 -0.987700 0.034506 0.152506 -0.111214 0.008971 0.986245 -0.165049 0.043020 0.000000 0.000000 0.000000 1.000000
-0.156104 -0.161651 -0.974423 -0.446780 -0.987700 0.034506 0.152506 -0.111214 0.008971 0.986245 -0.165049 0.043020 0.000000 0.000000 0.000000 1.000000
-0.156104 -0.161651 -0.974423 -0.446780 -0.987700 0.034506 0.152506 -0.111214 0.008971 0.986245 -0.165049 0.043020 0.000000 0.000000 0.000000 1.000000
-0.156104 -0.161651 -0.974423 -0.446780 -0.987700 0.034508 0.152506 -0.111214 0.008972 0.986245 -0.165049 0.043020 0.000000 0.000000 0.000000 1.000000
-0.156104 -0.161651 -0.974423 -0.446780 -0.987700 0.034506 0.152506 -0.111214 0.008971 0.986245 -0.165049 0.043020 0.000000 0.000000 0.000000 1.000000
-0.156104 -0.161651 -0.974423 -0.446780 -0.987700 0.034507 0.152506 -0.111214 0.008971 0.986245 -0.165049 0.043020 0.000000 0.000000 0.000000 1.000000
-0.156104 -0.161651 -0.974423 -0.446780 -0.987700 0.034506 0.152506 -0.111214 0.008970 0.986245 -0.165049 0.043020 0.000000 0.000000 0.000000 1.000000
-0.156104 -0.161651 -0.974423 -0.446780 -0.987700 0.034506 0.152506 -0.111214 0.008971 0.986245 -0.165049 0.043020 0.000000 0.000000 0.000000 1.000000
-0.156104 -0.161651 -0.974423 -0.446780 -0.987700 0.034506 0.152507 -0.111214 0.008971 0.986245 -0.165049 0.043020 0.000000 0.000000 0.000000 1.000000
-0.156104 -0.161651 -0.974423 -0.446780 -0.987700 0.034505 0.152506 -0.111214 0.008970 0.986245 -0.165049 0.043020 0.000000 0.000000 0.000000 1.000000
-0.156103 -0.161651 -0.974423 -0.446780 -0.987700 0.034504 0.152506 -0.111214 0.008969 0.986245 -0.165049 0.043020 0.000000 0.000000 0.000000 1.000000
-0.156103 -0.161652 -0.974423 -0.446780 -0.987700 0.034504 0.152506 -0.111214 0.008968 0.986245 -0.165049 0.043020 0.000000 0.000000 0.000000 1.000000
-0.156104 -0.161651 -0.974423 -0.446780 -0.987700 0.034505 0.152507 -0.111214 0.008969 0.986245 -0.165049 0.043020 0.000000 0.000000 0.000000 1.000000
-0.156103 -0.161652 -0.974423 -0.446780 -0.987700 0.034503 0.152507 -0.111214 0.008968 0.986245 -0.165049 0.043020 0.000000 0.000000 0.000000 1.000000
-0.156103 -0.161651 -0.974423 -0.446780 -0.987700 0.034504 0.152506 -0.111214 0.008969 0.986245 -0.165049 0.043020 0.000000 0.000000 0.000000 1.000000
-0.156104 -0.161651 -0.974423 -0.446780 -0.987700 0.034504 0.152507 -0.111214 0.008968 0.986245 -0.165049 0.043020 0.000000 0.000000 0.000000 1.000000
-0.156103 -0.161652 -0.974423 -0.446780 -0.987700 0.034503 0.152506 -0.111214 0.008967 0.986245 -0.165049 0.043020 0.000000 0.000000 0.000000 1.000000
-0.156103 -0.161652 -0.974423 -0.446780 -0.987700 0.034503 0.152507 -0.111214 0.008967 0.986245 -0.165049 0.043020 0.000000 0.000000 0.000000 1.000000
-0.156104 -0.161651 -0.974423 -0.446780 -0.987700 0.034504 0.152507 -0.111214 0.008968 0.986245 -0.165049 0.043020 0.000000 0.000000 0.000000 1.000000
-0.156103 -0.161651 -0.974423 -0.446780 -0.987700 0.034504 0.152506 -0.111214 0.008969 0.986245 -0.165049 0.043020 0.000000 0.000000 0.000000 1.000000
-0.156103 -0.161652 -0.974423 -0.446780 -0.987700 0.034503 0.152506 -0.111214 0.008968 0.986245 -0.165049 0.043020 0.000000 0.000000 0.000000 1.000000
-0.156103 -0.161652 -0.974423 -0.446780 -0.987700 0.034503 0.152506 -0.111214 0.008968 0.986245 -0.165049 0.043020 0.000000 0.000000 0.000000 1.000000
-0.156103 -0.161652 -0.974423 -0.446780 -0.987700 0.034504 0.152506 -0.111214 0.008969 0.986245 -0.165049 0.043020 0.000000 0.000000 0.000000 1.000000
-0.156103 -0.161652 -0.974423 -0.446780 -0.987700 0.034504 0.152506 -0.111214 0.008968 0.986245 -0.165049 0.043020 0.000000 0.000000 0.000000 1.000000
-0.156103 -0.161652 -0.974423 -0.446780 -0.987700 0.034504 0.152506 -0.111214 0.008968 0.986245 -0.165049 0.043020 0.000000 0.000000 0.000000 1.000000
-0.156103 -0.161652 -0.974423 -0.446780 -0.987700 0.034504 0.152506 -0.111214 0.008968 0.986245 -0.165049 0.043020 0.000000 0.000000 0.000000 1.000000
-0.156104 -0.161651 -0.974423 -0.446780 -0.987700 0.034505 0.152507 -0.111214 0.008969 0.986245 -0.165049 0.043020 0.000000 0.000000 0.000000 1.000000
-0.156104 -0.161651 -0.974423 -0.446780 -0.987700 0.034505 0.152506 -0.111214 0.008969 0.986245 -0.165049 0.043020 0.000000 0.000000 0.000000 1.000000
-0.156103 -0.161651 -0.974423 -0.446780 -0.987700 0.034505 0.152506 -0.111214 0.008969 0.986244 -0.165050 0.043020 0.000000 0.000000 0.000000 1.000000
-0.156104 -0.161651 -0.974423 -0.446780 -0.987700 0.034506 0.152506 -0.111214 0.008971 0.986244 -0.165050 0.043020 0.000000 0.000000 0.000000 1.000000
-0.156104 -0.161651 -0.974423 -0.446780 -0.987700 0.034505 0.152506 -0.111214 0.008969 0.986245 -0.165049 0.043020 0.000000 0.000000 0.000000 1.000000
-0.156103 -0.161651 -0.974423 -0.446780 -0.987700 0.034504 0.152506 -0.111214 0.008969 0.986245 -0.165049 0.043020 0.000000 0.000000 0.000000 1.000000
-0.156104 -0.161651 -0.974423 -0.446780 -0.987700 0.034505 0.152507 -0.111214 0.008970 0.986245 -0.165049 0.043020 0.000000 0.000000 0.000000 1.000000
-0.156104 -0.161651 -0.974423 -0.446780 -0.987700 0.034506 0.152506 -0.111214 0.008970 0.986245 -0.165049 0.043020 0.000000 0.000000 0.000000 1.000000
-0.156104 -0.161651 -0.974423 -0.446780 -0.987700 0.034505 0.152507 -0.111214 0.008969 0.986245 -0.165049 0.043020 0.000000 0.000000 0.000000 1.000000
-0.156104 -0.161651 -0.974423 -0.446780 -0.987700 0.034505 0.152506 -0.111214 0.008970 0.986245 -0.165049 0.043020 0.000000 0.000000 0.000000 1.000000
-0.156104 -0.161651 -0.974423 -0.446780 -0.987700 0.034505 0.152506 -0.111214 0.008970 0.986245 -0.165049 0.043020 0.000000 0.000000 0.000000 1.000000
-0.156104 -0.161651 -0.974423 -0.446780 -0.987700 0.034505 0.152506 -0.111214 0.008970 0.986245 -0.165049 0.043020 0.000000 0.000000 0.000000 1.000000
-0.156104 -0.161651 -0.974423 -0.446780 -0.987700 0.034506 0.152506 -0.111214 0.008970 0.986244 -0.165050 0.043020 0.000000 0.000000 0.000000 1.000000
-0.156104 -0.161651 -0.974423 -0.446780 -0.987700 0.034506 0.152506 -0.111214 0.008971 0.986244 -0.165050 0.043020 0.000000 0.000000 0.000000 1.000000
-0.156104 -0.161651 -0.974423 -0.446780 -0.987700 0.034506 0.152506 -0.111214 0.008971 0.986245 -0.165049 0.043020 0.000000 0.000000 0.000000 1.000000
-0.156104 -0.161651 -0.974423 -0.446780 -0.987700 0.034507 0.152506 -0.111214 0.008971 0.986244 -0.165050 0.043020 0.000000 0.000000 0.000000 1.000000
-0.156104 -0.161651 -0.974423 -0.446780 -0.987700 0.034506 0.152506 -0.111214 0.008970 0.986244 -0.165050 0.043020 0.000000 0.000000 0.000000 1.000000
-0.156104 -0.161651 -0.974423 -0.446780 -0.987700 0.034507 0.152506 -0.111214 0.008972 0.986244 -0.165049 0.043020 0.000000 0.000000 0.000000 1.000000
-0.156104 -0.161651 -0.974423 -0.446780 -0.987700 0.034508 0.152506 -0.111214 0.008972 0.986244 -0.165049 0.043020 0.000000 0.000000 0.000000 1.000000
-0.156104 -0.161651 -0.974423 -0.446780 -0.987700 0.034507 0.152506 -0.111214 0.008972 0.986244 -0.165049 0.043020 0.000000 0.000000 0.000000 1.000000
-0.156104 -0.161651 -0.974423 -0.446780 -0.987700 0.034506 0.152506 -0.111214 0.008971 0.986244 -0.165050 0.043020 0.000000 0.000000 0.000000 1.000000
-0.156104 -0.161651 -0.974423 -0.446780 -0.987700 0.034506 0.152506 -0.111214 0.008970 0.986244 -0.165050 0.043020 0.000000 0.000000 0.000000 1.000000
-0.156104 -0.161651 -0.974423 -0.446780 -0.987700 0.034506 0.152506 -0.111214 0.008970 0.986245 -0.165049 0.043020 0.000000 0.000000 0.000000 1.000000
-0.156104 -0.161651 -0.974423 -0.446780 -0.987700 0.034507 0.152506 -0.111214 0.008972 0.986244 -0.165049 0.043020 0.000000 0.000000 0.000000 1.000000
