<?xml version="1.0" encoding="utf-8"?>
<COLLADA xmlns="http://www.collada.org/2005/11/COLLADASchema" version="1.4.1">
  <asset><contributor><author></author><authoring_tool>FBX COLLADA exporter</authoring_tool><comments></comments></contributor><created>2018-03-28T17:03:59Z</created><keywords></keywords><modified>2018-03-28T17:03:59Z</modified><revision></revision><subject></subject><title></title><unit meter="0.010000" name="centimeter"></unit><up_axis>Y_UP</up_axis></asset>
  <library_animations>
    <animation id="jnt_hips-anim" name="jnt_hips"><animation><source id="jnt_hips-Matrix-animation-input"><float_array id="jnt_hips-Matrix-animation-input-array" count="120">

0.000000 0.033333 0.066667 0.100000 0.133333 0.166667 0.200000 0.233333 0.266667 0.300000 0.333333 0.366667 0.400000 0.433333 0.466667 0.500000
0.533333 0.566667 0.600000 0.633333 0.666667 0.700000 0.733333 0.766667 0.800000 0.833333 0.866667 0.900000 0.933333 0.966667 1.000000 1.033333
1.066667 1.100000 1.133333 1.166667 1.200000 1.233333 1.266667 1.300000 1.333333 1.366667 1.400000 1.433333 1.466667 1.500000 1.533333 1.566667
1.600000 1.633333 1.666667 1.700000 1.733333 1.766667 1.800000 1.833333 1.866667 1.900000 1.933333 1.966667 2.000000 2.033333 2.066667 2.100000
2.133333 2.166667 2.200000 2.233333 2.266667 2.300000 2.333333 2.366667 2.400000 2.433333 2.466667 2.500000 2.533333 2.566667 2.600000 2.633333
2.666667 2.700000 2.733333 2.766667 2.800000 2.833333 2.866667 2.900000 2.933333 2.966667 3.000000 3.033333 3.066667 3.100000 3.133333 3.166667
3.200000 3.233333 3.266667 3.300000 3.333333 3.366667 3.400000 3.433333 3.466667 3.500000 3.533333 3.566667 3.600000 3.633333 3.666667 3.700000
3.733333 3.766667 3.800000 3.833333 3.866667 3.900000 3.933333 3.966667</float_array><technique_common><accessor source="#jnt_hips-Matrix-animation-input-array" count="120"><param name="TIME" type="float"/></accessor></technique_common></source><source id="jnt_hips-Matrix-animation-output-transform"><float_array id="jnt_hips-Matrix-animation-output-transform-array" count="1920">

0.961463 0.055178 -0.269342 -0.011449 -0.002571 0.981416 0.191875 2.028563 0.274924 -0.183788 0.943737 -0.270758 0.000000 0.000000 0.000000 1.000000
0.961313 0.054845 -0.269942 -0.011504 -0.002397 0.981607 0.190899 2.028513 0.275447 -0.182867 0.943763 -0.271695 0.000000 0.000000 0.000000 1.000000
0.961031 0.054483 -0.271018 -0.011625 -0.002226 0.981879 0.189494 2.028275 0.276431 -0.181506 0.943738 -0.274001 0.000000 0.000000 0.000000 1.000000
0.960760 0.054014 -0.272069 -0.011837 -0.001987 0.982172 0.187975 2.027843 0.277372 -0.180059 0.943739 -0.276728 0.000000 0.000000 0.000000 1.000000
0.960648 0.053363 -0.272596 -0.012162 -0.001605 0.982423 0.186659 2.027213 0.277765 -0.178876 0.943848 -0.278931 0.000000 0.000000 0.000000 1.000000
0.960839 0.052454 -0.272097 -0.012626 -0.001006 0.982575 0.185863 2.026380 0.277105 -0.178311 0.944149 -0.279665 0.000000 0.000000 0.000000 1.000000
0.961310 0.051301 -0.270648 -0.013218 -0.000189 0.982629 0.185583 2.025359 0.275467 -0.178352 0.944621 -0.278928 0.000000 0.000000 0.000000 1.000000
0.962027 0.049828 -0.268369 -0.013934 0.000876 0.982628 0.185582 2.024182 0.272955 -0.178770 0.945271 -0.277496 0.000000 0.000000 0.000000 1.000000
0.962875 0.048188 -0.265613 -0.014737 0.002072 0.982591 0.185771 2.022870 0.269941 -0.179425 0.946012 -0.275562 0.000000 0.000000 0.000000 1.000000
0.963746 0.046535 -0.262733 -0.015589 0.003280 0.982533 0.186058 2.021442 0.266802 -0.180174 0.946760 -0.273319 0.000000 0.000000 0.000000 1.000000
0.964536 0.045027 -0.260083 -0.016450 0.004383 0.982474 0.186347 2.019922 0.263915 -0.180878 0.947434 -0.270960 0.000000 0.000000 0.000000 1.000000
0.965146 0.043820 -0.258016 -0.017283 0.005264 0.982433 0.186542 2.018331 0.261657 -0.181399 0.947961 -0.268678 0.000000 0.000000 0.000000 1.000000
0.965481 0.043074 -0.256887 -0.018047 0.005805 0.982429 0.186547 2.016691 0.260408 -0.181599 0.948267 -0.266667 0.000000 0.000000 0.000000 1.000000
0.965528 0.042839 -0.256751 -0.018731 0.005958 0.982469 0.186331 2.015019 0.260232 -0.181437 0.948346 -0.264754 0.000000 0.000000 0.000000 1.000000
0.965381 0.043061 -0.257265 -0.019347 0.005760 0.982520 0.186068 2.013319 0.260780 -0.181109 0.948258 -0.262710 0.000000 0.000000 0.000000 1.000000
0.965094 0.043597 -0.258249 -0.019914 0.005323 0.982579 0.185768 2.011606 0.261849 -0.180658 0.948049 -0.260633 0.000000 0.000000 0.000000 1.000000
0.964719 0.044302 -0.259528 -0.020449 0.004762 0.982645 0.185437 2.009896 0.263239 -0.180131 0.947765 -0.258619 0.000000 0.000000 0.000000 1.000000
0.964309 0.045031 -0.260924 -0.020971 0.004190 0.982714 0.185085 2.008201 0.264748 -0.179572 0.947451 -0.256763 0.000000 0.000000 0.000000 1.000000
0.963918 0.045641 -0.262259 -0.021497 0.003723 0.982785 0.184718 2.006539 0.266175 -0.179029 0.947153 -0.255162 0.000000 0.000000 0.000000 1.000000
0.963601 0.045989 -0.263358 -0.022044 0.003475 0.982856 0.184343 2.004924 0.267321 -0.178548 0.946921 -0.253912 0.000000 0.000000 0.000000 1.000000
0.963416 0.045929 -0.264045 -0.022631 0.003561 0.982926 0.183969 2.003369 0.267986 -0.178179 0.946803 -0.253111 0.000000 0.000000 0.000000 1.000000
0.963321 0.045510 -0.264465 -0.023239 0.003968 0.982991 0.183612 2.001891 0.268323 -0.177926 0.946755 -0.252866 0.000000 0.000000 0.000000 1.000000
0.963244 0.044899 -0.264851 -0.023834 0.004572 0.983050 0.183278 2.000504 0.268591 -0.177753 0.946712 -0.253139 0.000000 0.000000 0.000000 1.000000
0.963196 0.044129 -0.265152 -0.024409 0.005326 0.983106 0.182962 1.999223 0.268746 -0.177640 0.946689 -0.253810 0.000000 0.000000 0.000000 1.000000
0.963191 0.043234 -0.265318 -0.024956 0.006184 0.983158 0.182654 1.998065 0.268746 -0.177571 0.946702 -0.254756 0.000000 0.000000 0.000000 1.000000
0.963240 0.042248 -0.265300 -0.025467 0.007099 0.983208 0.182349 1.997045 0.268549 -0.177529 0.946766 -0.255857 0.000000 0.000000 0.000000 1.000000
0.963355 0.041206 -0.265047 -0.025935 0.008027 0.983259 0.182039 1.996180 0.268111 -0.177495 0.946896 -0.256990 0.000000 0.000000 0.000000 1.000000
0.963547 0.040142 -0.264510 -0.026352 0.008919 0.983310 0.181718 1.995485 0.267390 -0.177453 0.947108 -0.258034 0.000000 0.000000 0.000000 1.000000
0.963829 0.039090 -0.263638 -0.026711 0.009731 0.983365 0.181379 1.994976 0.266343 -0.177383 0.947416 -0.258868 0.000000 0.000000 0.000000 1.000000
0.964133 0.038330 -0.262636 -0.026966 0.010240 0.983408 0.181116 1.994663 0.265220 -0.177309 0.947745 -0.259614 0.000000 0.000000 0.000000 1.000000
0.964502 0.037541 -0.261393 -0.027151 0.010750 0.983441 0.180908 1.994563 0.263856 -0.177296 0.948128 -0.260476 0.000000 0.000000 0.000000 1.000000
0.964935 0.036735 -0.259905 -0.027260 0.011252 0.983460 0.180777 1.994742 0.262247 -0.177362 0.948561 -0.261443 0.000000 0.000000 0.000000 1.000000
0.965430 0.035922 -0.258175 -0.027298 0.011740 0.983461 0.180737 1.995243 0.260397 -0.177520 0.949041 -0.262492 0.000000 0.000000 0.000000 1.000000
0.965972 0.035120 -0.256251 -0.027266 0.012201 0.983448 0.180777 1.996043 0.258359 -0.177752 0.949555 -0.263600 0.000000 0.000000 0.000000 1.000000
0.966545 0.034349 -0.254185 -0.027165 0.012621 0.983423 0.180886 1.997119 0.256185 -0.178042 0.950090 -0.264740 0.000000 0.000000 0.000000 1.000000
0.967136 0.033630 -0.252025 -0.026996 0.012985 0.983388 0.181051 1.998449 0.253928 -0.178373 0.950633 -0.265886 0.000000 0.000000 0.000000 1.000000
0.967730 0.032981 -0.249823 -0.026763 0.013280 0.983345 0.181261 2.000010 0.251641 -0.178730 0.951174 -0.267014 0.000000 0.000000 0.000000 1.000000
0.968312 0.032423 -0.247628 -0.026465 0.013492 0.983297 0.181506 2.001779 0.249377 -0.179096 0.951701 -0.268098 0.000000 0.000000 0.000000 1.000000
0.968871 0.031976 -0.245492 -0.026104 0.013607 0.983246 0.181774 2.003734 0.247191 -0.179456 0.952204 -0.269112 0.000000 0.000000 0.000000 1.000000
0.969393 0.031660 -0.243463 -0.025683 0.013612 0.983194 0.182053 2.005853 0.245135 -0.179795 0.952671 -0.270031 0.000000 0.000000 0.000000 1.000000
0.969866 0.031494 -0.241594 -0.025202 0.013494 0.983144 0.182333 2.008112 0.243264 -0.180098 0.953093 -0.270830 0.000000 0.000000 0.000000 1.000000
0.970278 0.031499 -0.239935 -0.024663 0.013239 0.983098 0.182601 2.010488 0.241632 -0.180350 0.953461 -0.271484 0.000000 0.000000 0.000000 1.000000
0.970633 0.031659 -0.238471 -0.024076 0.012848 0.983065 0.182804 2.012963 0.240220 -0.180500 0.953789 -0.271967 0.000000 0.000000 0.000000 1.000000
0.970948 0.031937 -0.237150 -0.023451 0.012339 0.983053 0.182905 2.015514 0.238973 -0.180517 0.954099 -0.272284 0.000000 0.000000 0.000000 1.000000
0.971223 0.032321 -0.235967 -0.022796 0.011727 0.983058 0.182918 2.018118 0.237881 -0.180422 0.954390 -0.272449 0.000000 0.000000 0.000000 1.000000
0.971462 0.032799 -0.234915 -0.022119 0.011027 0.983077 0.182860 2.020750 0.236937 -0.180232 0.954661 -0.272480 0.000000 0.000000 0.000000 1.000000
0.971666 0.033361 -0.233990 -0.021427 0.010254 0.983107 0.182746 2.023385 0.236134 -0.179968 0.954910 -0.272393 0.000000 0.000000 0.000000 1.000000
0.971838 0.033993 -0.233187 -0.020729 0.009423 0.983144 0.182592 2.026001 0.235463 -0.179647 0.955136 -0.272204 0.000000 0.000000 0.000000 1.000000
0.971978 0.034685 -0.232499 -0.020030 0.008549 0.983185 0.182413 2.028570 0.234916 -0.179289 0.955338 -0.271928 0.000000 0.000000 0.000000 1.000000
0.972090 0.035423 -0.231921 -0.019340 0.007646 0.983227 0.182224 2.031070 0.234486 -0.178911 0.955514 -0.271583 0.000000 0.000000 0.000000 1.000000
0.972174 0.036196 -0.231446 -0.018665 0.006730 0.983268 0.182041 2.033475 0.234163 -0.178533 0.955664 -0.271184 0.000000 0.000000 0.000000 1.000000
0.972233 0.036992 -0.231071 -0.018013 0.005815 0.983303 0.181880 2.035763 0.233941 -0.178174 0.955785 -0.270748 0.000000 0.000000 0.000000 1.000000
0.972270 0.037798 -0.230787 -0.017391 0.004916 0.983331 0.181756 2.037907 0.233810 -0.177851 0.955878 -0.270291 0.000000 0.000000 0.000000 1.000000
0.972285 0.038602 -0.230590 -0.016808 0.004048 0.983349 0.181685 2.039885 0.233763 -0.177583 0.955939 -0.269829 0.000000 0.000000 0.000000 1.000000
0.972281 0.039392 -0.230472 -0.016271 0.003226 0.983352 0.181680 2.041671 0.233792 -0.177388 0.955968 -0.269378 0.000000 0.000000 0.000000 1.000000
0.972209 0.040257 -0.230627 -0.015767 0.002401 0.983338 0.181769 2.043240 0.234101 -0.177271 0.955914 -0.268812 0.000000 0.000000 0.000000 1.000000
0.972061 0.041228 -0.231077 -0.015298 0.001558 0.983300 0.181988 2.044567 0.234721 -0.177263 0.955763 -0.268034 0.000000 0.000000 0.000000 1.000000
0.971849 0.042268 -0.231782 -0.014877 0.000710 0.983246 0.182281 2.045633 0.235603 -0.177314 0.955537 -0.267086 0.000000 0.000000 0.000000 1.000000
0.971583 0.043340 -0.232696 -0.014514 -0.000128 0.983189 0.182588 2.046416 0.236698 -0.177370 0.955256 -0.266012 0.000000 0.000000 0.000000 1.000000
0.971275 0.044410 -0.233779 -0.014221 -0.000941 0.983140 0.182853 2.046898 0.237958 -0.177380 0.954941 -0.264857 0.000000 0.000000 0.000000 1.000000
0.970936 0.045441 -0.234987 -0.014011 -0.001717 0.983108 0.183016 2.047059 0.239334 -0.177293 0.954613 -0.263665 0.000000 0.000000 0.000000 1.000000
0.970570 0.046433 -0.236301 -0.013844 -0.002481 0.983112 0.182988 2.046973 0.240807 -0.177016 0.954294 -0.262513 0.000000 0.000000 0.000000 1.000000
0.970185 0.047386 -0.237687 -0.013678 -0.003261 0.983164 0.182696 2.046737 0.242343 -0.176474 0.954006 -0.261485 0.000000 0.000000 0.000000 1.000000
0.969800 0.048262 -0.239079 -0.013521 -0.004039 0.983271 0.182106 2.046365 0.243868 -0.175641 0.953771 -0.260633 0.000000 0.000000 0.000000 1.000000
0.969433 0.049022 -0.240411 -0.013379 -0.004798 0.983438 0.181184 2.045871 0.245311 -0.174492 0.953612 -0.260010 0.000000 0.000000 0.000000 1.000000
0.969102 0.049626 -0.241617 -0.013260 -0.005521 0.983670 0.179895 2.045268 0.246599 -0.173003 0.953551 -0.259667 0.000000 0.000000 0.000000 1.000000
0.968819 0.050070 -0.242659 -0.013166 -0.006202 0.983962 0.178271 2.044568 0.247693 -0.171207 0.953591 -0.259581 0.000000 0.000000 0.000000 1.000000
0.968595 0.050326 -0.243496 -0.013101 -0.006803 0.984300 0.176374 2.043777 0.248550 -0.169179 0.953730 -0.259682 0.000000 0.000000 0.000000 1.000000
0.968416 0.050428 -0.244186 -0.013061 -0.007338 0.984674 0.174248 2.042904 0.249231 -0.166953 0.953945 -0.259946 0.000000 0.000000 0.000000 1.000000
0.968267 0.050415 -0.244781 -0.013037 -0.007825 0.985077 0.171935 2.041959 0.249797 -0.164564 0.954212 -0.260350 0.000000 0.000000 0.000000 1.000000
0.968131 0.050324 -0.245338 -0.013023 -0.008278 0.985499 0.169479 2.040951 0.250309 -0.162047 0.954508 -0.260873 0.000000 0.000000 0.000000 1.000000
0.967992 0.050190 -0.245910 -0.013013 -0.008715 0.985931 0.166923 2.039889 0.250828 -0.159437 0.954812 -0.261489 0.000000 0.000000 0.000000 1.000000
0.967836 0.050052 -0.246552 -0.013001 -0.009153 0.986366 0.164310 2.038781 0.251414 -0.156769 0.955099 -0.262178 0.000000 0.000000 0.000000 1.000000
0.967646 0.049946 -0.247317 -0.012980 -0.009609 0.986796 0.161686 2.037638 0.252127 -0.154078 0.955349 -0.262917 0.000000 0.000000 0.000000 1.000000
0.967406 0.049910 -0.248262 -0.012943 -0.010104 0.987212 0.159093 2.036469 0.253027 -0.151399 0.955539 -0.263682 0.000000 0.000000 0.000000 1.000000
0.967100 0.049982 -0.249439 -0.012885 -0.010657 0.987609 0.156575 2.035282 0.254174 -0.148765 0.955649 -0.264450 0.000000 0.000000 0.000000 1.000000
0.966710 0.050199 -0.250903 -0.012798 -0.011288 0.987979 0.154177 2.034086 0.255626 -0.146213 0.955655 -0.265199 0.000000 0.000000 0.000000 1.000000
0.966219 0.050600 -0.252707 -0.012676 -0.012017 0.988316 0.151945 2.032892 0.257443 -0.143775 0.955538 -0.265907 0.000000 0.000000 0.000000 1.000000
0.965608 0.051224 -0.254905 -0.012512 -0.012867 0.988614 0.149921 2.031709 0.259682 -0.141485 0.955273 -0.266549 0.000000 0.000000 0.000000 1.000000
0.964845 0.052093 -0.257606 -0.012299 -0.013832 0.988866 0.148163 2.030544 0.262456 -0.139391 0.954823 -0.267236 0.000000 0.000000 0.000000 1.000000
0.963928 0.053178 -0.260798 -0.012041 -0.014879 0.989072 0.146681 2.029411 0.265749 -0.137509 0.954185 -0.268067 0.000000 0.000000 0.000000 1.000000
0.962887 0.054433 -0.264358 -0.011748 -0.015989 0.989236 0.145454 2.028321 0.269430 -0.135830 0.953393 -0.269007 0.000000 0.000000 0.000000 1.000000
0.961757 0.055816 -0.268158 -0.011431 -0.017139 0.989362 0.144463 2.027288 0.273369 -0.134342 0.952482 -0.270021 0.000000 0.000000 0.000000 1.000000
0.960569 0.057282 -0.272076 -0.011099 -0.018307 0.989454 0.143685 2.026326 0.277437 -0.133038 0.951488 -0.271075 0.000000 0.000000 0.000000 1.000000
0.959362 0.058788 -0.275987 -0.010764 -0.019470 0.989517 0.143097 2.025449 0.281506 -0.131909 0.950450 -0.272133 0.000000 0.000000 0.000000 1.000000
0.958173 0.060287 -0.279768 -0.010434 -0.020602 0.989555 0.142678 2.024668 0.285447 -0.130946 0.949407 -0.273161 0.000000 0.000000 0.000000 1.000000
0.957043 0.061735 -0.283298 -0.010121 -0.021681 0.989571 0.142403 2.023998 0.289135 -0.130143 0.948401 -0.274124 0.000000 0.000000 0.000000 1.000000
0.956014 0.063087 -0.286455 -0.009835 -0.022679 0.989571 0.142247 2.023452 0.292442 -0.129494 0.947475 -0.274988 0.000000 0.000000 0.000000 1.000000
0.955131 0.064296 -0.289119 -0.009586 -0.023573 0.989559 0.142188 2.023044 0.295243 -0.128993 0.946675 -0.275719 0.000000 0.000000 0.000000 1.000000
0.954439 0.065315 -0.291170 -0.009384 -0.024337 0.989539 0.142199 2.022787 0.297412 -0.128634 0.946044 -0.276282 0.000000 0.000000 0.000000 1.000000
0.953982 0.066100 -0.292488 -0.009240 -0.024947 0.989516 0.142256 2.022694 0.298825 -0.128413 0.945629 -0.276644 0.000000 0.000000 0.000000 1.000000
0.953793 0.066598 -0.292989 -0.009163 -0.025372 0.989495 0.142325 2.022718 0.299390 -0.128315 0.945463 -0.276768 0.000000 0.000000 0.000000 1.000000
0.953875 0.066804 -0.292677 -0.009154 -0.025617 0.989483 0.142362 2.022800 0.299109 -0.128298 0.945554 -0.276594 0.000000 0.000000 0.000000 1.000000
0.954201 0.066809 -0.291613 -0.009199 -0.025777 0.989481 0.142347 2.022935 0.298055 -0.128311 0.945886 -0.276115 0.000000 0.000000 0.000000 1.000000
0.954733 0.066638 -0.289905 -0.009292 -0.025849 0.989484 0.142315 2.023121 0.296340 -0.128379 0.946415 -0.275387 0.000000 0.000000 0.000000 1.000000
0.955433 0.066316 -0.287665 -0.009424 -0.025835 0.989486 0.142301 2.023349 0.294077 -0.128528 0.947101 -0.274463 0.000000 0.000000 0.000000 1.000000
0.956262 0.065866 -0.285001 -0.009589 -0.025731 0.989483 0.142341 2.023613 0.291379 -0.128782 0.947899 -0.273396 0.000000 0.000000 0.000000 1.000000
0.957182 0.065313 -0.282023 -0.009778 -0.025539 0.989469 0.142471 2.023908 0.288359 -0.129168 0.948770 -0.272241 0.000000 0.000000 0.000000 1.000000
0.958156 0.064680 -0.278843 -0.009986 -0.025256 0.989440 0.142724 2.024227 0.285130 -0.129710 0.949672 -0.271052 0.000000 0.000000 0.000000 1.000000
0.959149 0.063990 -0.275571 -0.010203 -0.024883 0.989390 0.143137 2.024566 0.281806 -0.130433 0.950564 -0.269882 0.000000 0.000000 0.000000 1.000000
0.960125 0.063265 -0.272318 -0.010424 -0.024419 0.989314 0.143743 2.024916 0.278502 -0.131362 0.951410 -0.268787 0.000000 0.000000 0.000000 1.000000
0.961053 0.062526 -0.269198 -0.010640 -0.023860 0.989206 0.144577 2.025273 0.275332 -0.132523 0.952171 -0.267819 0.000000 0.000000 0.000000 1.000000
0.961901 0.061794 -0.266322 -0.010845 -0.023206 0.989061 0.145671 2.025631 0.272411 -0.133941 0.952813 -0.267034 0.000000 0.000000 0.000000 1.000000
0.962639 0.061090 -0.263807 -0.011031 -0.022454 0.988873 0.147059 2.025983 0.269855 -0.135641 0.953299 -0.266485 0.000000 0.000000 0.000000 1.000000
0.963238 0.060433 -0.261764 -0.011192 -0.021597 0.988636 0.148771 2.026323 0.267780 -0.137649 0.953597 -0.266227 0.000000 0.000000 0.000000 1.000000
0.963669 0.059845 -0.260308 -0.011320 -0.020632 0.988343 0.150840 2.026647 0.266301 -0.139989 0.953670 -0.266314 0.000000 0.000000 0.000000 1.000000
0.963936 0.059312 -0.259439 -0.011417 -0.019546 0.987995 0.153246 2.026949 0.265414 -0.142648 0.953523 -0.266603 0.000000 0.000000 0.000000 1.000000
0.964085 0.058816 -0.258998 -0.011491 -0.018360 0.987597 0.155931 2.027230 0.264957 -0.145575 0.953208 -0.266915 0.000000 0.000000 0.000000 1.000000
0.964130 0.058357 -0.258935 -0.011544 -0.017091 0.987156 0.158840 2.027488 0.264878 -0.148717 0.952745 -0.267245 0.000000 0.000000 0.000000 1.000000
0.964085 0.057932 -0.259200 -0.011580 -0.015756 0.986678 0.161919 2.027723 0.265127 -0.152020 0.952154 -0.267587 0.000000 0.000000 0.000000 1.000000
0.963962 0.057540 -0.259743 -0.011600 -0.014375 0.986170 0.165114 2.027934 0.265652 -0.155430 0.951457 -0.267936 0.000000 0.000000 0.000000 1.000000
0.963775 0.057180 -0.260514 -0.011607 -0.012965 0.985638 0.168371 2.028120 0.266400 -0.158895 0.950675 -0.268288 0.000000 0.000000 0.000000 1.000000
0.963538 0.056851 -0.261463 -0.011602 -0.011547 0.985092 0.171638 2.028280 0.267323 -0.162360 0.949830 -0.268637 0.000000 0.000000 0.000000 1.000000
0.963263 0.056551 -0.262537 -0.011589 -0.010142 0.984541 0.174860 2.028414 0.268367 -0.165774 0.948946 -0.268978 0.000000 0.000000 0.000000 1.000000
0.962965 0.056281 -0.263688 -0.011570 -0.008772 0.983994 0.177987 2.028521 0.269485 -0.169082 0.948045 -0.269308 0.000000 0.000000 0.000000 1.000000
0.962656 0.056037 -0.264864 -0.011546 -0.007458 0.983461 0.180967 2.028600 0.270624 -0.172233 0.947153 -0.269620 0.000000 0.000000 0.000000 1.000000
0.962352 0.055820 -0.266014 -0.011521 -0.006223 0.982954 0.183747 2.028651 0.271736 -0.175174 0.946295 -0.269910 0.000000 0.000000 0.000000 1.000000
0.962065 0.055627 -0.267088 -0.011496 -0.005093 0.982484 0.186279 2.028673 0.272771 -0.177852 0.945497 -0.270174 0.000000 0.000000 0.000000 1.000000
0.961812 0.055457 -0.268034 -0.011474 -0.004091 0.982063 0.188511 2.028666 0.273681 -0.180215 0.944786 -0.270406 0.000000 0.000000 0.000000 1.000000
0.961606 0.055308 -0.268803 -0.011458 -0.003242 0.981703 0.190393 2.028629 0.274415 -0.182211 0.944190 -0.270602 0.000000 0.000000 0.000000 1.000000</float_array><technique_common><accessor source="#jnt_hips-Matrix-animation-output-transform-array" count="120" stride="16"><param type="float4x4"/></accessor></technique_common></source><source id="jnt_hips-Interpolations"><Name_array id="jnt_hips-Interpolations-array" count="120">
 LINEAR LINEAR LINEAR LINEAR LINEAR LINEAR LINEAR LINEAR LINEAR LINEAR LINEAR
LINEAR LINEAR LINEAR LINEAR LINEAR LINEAR LINEAR LINEAR LINEAR LINEAR LINEAR LINEAR
LINEAR LINEAR LINEAR LINEAR LINEAR LINEAR LINEAR LINEAR LINEAR LINEAR LINEAR LINEAR
LINEAR LINEAR LINEAR LINEAR LINEAR LINEAR LINEAR LINEAR LINEAR LINEAR LINEAR LINEAR
LINEAR LINEAR LINEAR LINEAR LINEAR LINEAR LINEAR LINEAR LINEAR LINEAR LINEAR LINEAR
LINEAR LINEAR LINEAR LINEAR LINEAR LINEAR LINEAR LINEAR LINEAR LINEAR LINEAR LINEAR
LINEAR LINEAR LINEAR LINEAR LINEAR LINEAR LINEAR LINEAR LINEAR LINEAR LINEAR LINEAR
LINEAR LINEAR LINEAR LINEAR LINEAR LINEAR LINEAR LINEAR LINEAR LINEAR LINEAR LINEAR
LINEAR LINEAR LINEAR LINEAR LINEAR LINEAR LINEAR LINEAR LINEAR LINEAR LINEAR LINEAR
LINEAR LINEAR LINEAR LINEAR LINEAR LINEAR LINEAR LINEAR LINEAR LINEAR LINEAR LINEAR
LINEAR</Name_array><technique_common><accessor source="#jnt_hips-Interpolations-array" count="120"><param type="name"/></accessor></technique_common></source><sampler id="jnt_hips-Matrix-animation-transform"><input semantic="INPUT" source="#jnt_hips-Matrix-animation-input"/><input semantic="OUTPUT" source="#jnt_hips-Matrix-animation-output-transform"/><input semantic="INTERPOLATION" source="#jnt_hips-Interpolations"/></sampler><channel source="#jnt_hips-Matrix-animation-transform" target="jnt_hips/matrix"/></animation></animation>
    <animation id="jnt_right_upleg-anim" name="jnt_right_upleg"><animation><source id="jnt_right_upleg-Matrix-animation-input"><float_array id="jnt_right_upleg-Matrix-animation-input-array" count="120">

0.000000 0.033333 0.066667 0.100000 0.133333 0.166667 0.200000 0.233333 0.266667 0.300000 0.333333 0.366667 0.400000 0.433333 0.466667 0.500000
0.533333 0.566667 0.600000 0.633333 0.666667 0.700000 0.733333 0.766667 0.800000 0.833333 0.866667 0.900000 0.933333 0.966667 1.000000 1.033333
1.066667 1.100000 1.133333 1.166667 1.200000 1.233333 1.266667 1.300000 1.333333 1.366667 1.400000 1.433333 1.466667 1.500000 1.533333 1.566667
1.600000 1.633333 1.666667 1.700000 1.733333 1.766667 1.800000 1.833333 1.866667 1.900000 1.933333 1.966667 2.000000 2.033333 2.066667 2.100000
2.133333 2.166667 2.200000 2.233333 2.266667 2.300000 2.333333 2.366667 2.400000 2.433333 2.466667 2.500000 2.533333 2.566667 2.600000 2.633333
2.666667 2.700000 2.733333 2.766667 2.800000 2.833333 2.866667 2.900000 2.933333 2.966667 3.000000 3.033333 3.066667 3.100000 3.133333 3.166667
3.200000 3.233333 3.266667 3.300000 3.333333 3.366667 3.400000 3.433333 3.466667 3.500000 3.533333 3.566667 3.600000 3.633333 3.666667 3.700000
3.733333 3.766667 3.800000 3.833333 3.866667 3.900000 3.933333 3.966667</float_array><technique_common><accessor source="#jnt_right_upleg-Matrix-animation-input-array" count="120"><param name="TIME" type="float"/></accessor></technique_common></source><source id="jnt_right_upleg-Matrix-animation-output-transform"><float_array id="jnt_right_upleg-Matrix-animation-output-transform-array" count="1920">

-0.424316 0.284234 -0.859748 -0.446780 -0.785773 0.356281 0.505593 -0.111214 0.450019 0.890098 0.072167 0.043020 0.000000 0.000000 0.000000 1.000000
-0.422460 0.284668 -0.860518 -0.446780 -0.785744 0.358234 0.504258 -0.111214 0.451813 0.889175 0.072336 0.043020 0.000000 0.000000 0.000000 1.000000
-0.417650 0.284744 -0.862838 -0.446780 -0.786579 0.362045 0.500216 -0.111215 0.454820 0.887606 0.072765 0.043020 0.000000 0.000000 0.000000 1.000000
-0.410801 0.283875 -0.866405 -0.446780 -0.788622 0.366229 0.493914 -0.111214 0.457513 0.886166 0.073423 0.043020 0.000000 0.000000 0.000000 1.000000
-0.402831 0.281507 -0.870908 -0.446779 -0.792218 0.369303 0.485805 -0.111214 0.458386 0.885646 0.074248 0.043020 0.000000 0.000000 0.000000 1.000000
-0.394636 0.277148 -0.876043 -0.446780 -0.797724 0.369779 0.476340 -0.111214 0.455959 0.886821 0.075159 0.043020 0.000000 0.000000 0.000000 1.000000
-0.386348 0.270927 -0.881665 -0.446779 -0.804932 0.367691 0.465711 -0.111214 0.450354 0.889608 0.076021 0.043020 0.000000 0.000000 0.000000 1.000000
-0.377692 0.263281 -0.887711 -0.446779 -0.813300 0.363941 0.453972 -0.111214 0.442597 0.893437 0.076669 0.043020 0.000000 0.000000 0.000000 1.000000
-0.368539 0.254433 -0.894116 -0.446780 -0.822475 0.359025 0.441175 -0.111214 0.433259 0.897978 0.076950 0.043020 0.000000 0.000000 0.000000 1.000000
-0.358777 0.244585 -0.900809 -0.446780 -0.832124 0.353430 0.427383 -0.111214 0.422905 0.902920 0.076723 0.043020 0.000000 0.000000 0.000000 1.000000
-0.348317 0.233922 -0.907720 -0.446780 -0.841938 0.347636 0.412661 -0.111214 0.412086 0.907981 0.075861 0.043020 0.000000 0.000000 0.000000 1.000000
-0.337058 0.222616 -0.914786 -0.446779 -0.851659 0.342095 0.397048 -0.111214 0.401333 0.912915 0.074287 0.043020 0.000000 0.000000 0.000000 1.000000
-0.324963 0.210857 -0.921921 -0.446779 -0.861028 0.337263 0.380637 -0.111214 0.391190 0.917493 0.071956 0.043020 0.000000 0.000000 0.000000 1.000000
-0.312297 0.198697 -0.928973 -0.446780 -0.869972 0.332990 0.363685 -0.111214 0.381602 0.921758 0.068868 0.043020 0.000000 0.000000 0.000000 1.000000
-0.299447 0.186075 -0.935793 -0.446779 -0.878609 0.328619 0.346491 -0.111214 0.371992 0.925951 0.065083 0.043020 0.000000 0.000000 0.000000 1.000000
-0.286646 0.173191 -0.942252 -0.446780 -0.886851 0.324067 0.329357 -0.111214 0.362394 0.930046 0.060702 0.043020 0.000000 0.000000 0.000000 1.000000
-0.274095 0.160272 -0.948254 -0.446780 -0.894623 0.319303 0.312561 -0.111214 0.352876 0.934001 0.055864 0.043020 0.000000 0.000000 0.000000 1.000000
-0.261966 0.147573 -0.953727 -0.446780 -0.901860 0.314354 0.296361 -0.111214 0.343543 0.937765 0.050741 0.043020 0.000000 0.000000 0.000000 1.000000
-0.250409 0.135370 -0.958629 -0.446780 -0.908502 0.309300 0.280992 -0.111214 0.334542 0.941280 0.045532 0.043020 0.000000 0.000000 0.000000 1.000000
-0.239558 0.123954 -0.962937 -0.446780 -0.914492 0.304285 0.266675 -0.111214 0.326063 0.944482 0.040461 0.043020 0.000000 0.000000 0.000000 1.000000
-0.229537 0.113625 -0.966645 -0.446780 -0.919772 0.299499 0.253612 -0.111214 0.318326 0.947306 0.035763 0.043020 0.000000 0.000000 0.000000 1.000000
-0.219089 0.103353 -0.970216 -0.446780 -0.924855 0.294825 0.240252 -0.111214 0.310875 0.949945 0.030994 0.043020 0.000000 0.000000 0.000000 1.000000
-0.207340 0.092231 -0.973911 -0.446779 -0.930108 0.289935 0.225472 -0.111214 0.303167 0.952592 0.025670 0.043020 0.000000 0.000000 0.000000 1.000000
-0.194974 0.080764 -0.977478 -0.446780 -0.935281 0.284803 0.210089 -0.111214 0.295356 0.955178 0.020008 0.043020 0.000000 0.000000 0.000000 1.000000
-0.182543 0.069385 -0.980747 -0.446780 -0.940203 0.279437 0.194766 -0.111214 0.287571 0.957654 0.014227 0.043020 0.000000 0.000000 0.000000 1.000000
-0.170545 0.058511 -0.983611 -0.446780 -0.944738 0.273924 0.180099 -0.111214 0.279972 0.959970 0.008561 0.043020 0.000000 0.000000 0.000000 1.000000
-0.159552 0.048630 -0.985991 -0.446780 -0.948732 0.268508 0.166766 -0.111214 0.272857 0.962049 0.003296 0.043020 0.000000 0.000000 0.000000 1.000000
-0.150125 0.040226 -0.987848 -0.446780 -0.952050 0.263528 0.155416 -0.111214 0.266577 0.963813 -0.001265 0.043020 0.000000 0.000000 0.000000 1.000000
-0.142823 0.033771 -0.989172 -0.446779 -0.954571 0.259382 0.146683 -0.111214 0.261527 0.965184 -0.004809 0.043020 0.000000 0.000000 0.000000 1.000000
-0.138037 0.029647 -0.989983 -0.446780 -0.956153 0.256687 0.141007 -0.111214 0.258296 0.966040 -0.007086 0.043020 0.000000 0.000000 0.000000 1.000000
-0.136566 0.028505 -0.990221 -0.446779 -0.956549 0.256146 0.139296 -0.111214 0.257612 0.966218 -0.007714 0.043020 0.000000 0.000000 0.000000 1.000000
-0.140347 0.031842 -0.989590 -0.446780 -0.955339 0.258165 0.143796 -0.111214 0.260057 0.965576 -0.005813 0.043020 0.000000 0.000000 0.000000 1.000000
-0.150044 0.040192 -0.987862 -0.446780 -0.952398 0.262316 0.155330 -0.111214 0.265376 0.964145 -0.001080 0.043020 0.000000 0.000000 0.000000 1.000000
-0.164341 0.052594 -0.985000 -0.446780 -0.947961 0.267638 0.172452 -0.111214 0.272694 0.962083 0.005873 0.043020 0.000000 0.000000 0.000000 1.000000
-0.181937 0.068040 -0.980953 -0.446779 -0.942264 0.273158 0.193708 -0.111214 0.281135 0.959560 0.014414 0.043020 0.000000 0.000000 0.000000 1.000000
-0.201555 0.085445 -0.975743 -0.446779 -0.935584 0.278080 0.217610 -0.111214 0.289928 0.956750 0.023893 0.043020 0.000000 0.000000 0.000000 1.000000
-0.221951 0.103667 -0.969531 -0.446780 -0.928252 0.281907 0.242644 -0.111214 0.298472 0.953825 0.033659 0.043020 0.000000 0.000000 0.000000 1.000000
-0.241907 0.121548 -0.962656 -0.446779 -0.920662 0.284507 0.267277 -0.111214 0.306370 0.950937 0.043081 0.043020 0.000000 0.000000 0.000000 1.000000
-0.260225 0.137978 -0.955639 -0.446780 -0.913263 0.286102 0.289994 -0.111214 0.313423 0.948213 0.051559 0.043020 0.000000 0.000000 0.000000 1.000000
-0.275702 0.151934 -0.949160 -0.446780 -0.906553 0.287217 0.309301 -0.111214 0.319608 0.945739 0.058550 0.043020 0.000000 0.000000 0.000000 1.000000
-0.287116 0.162501 -0.944011 -0.446780 -0.901075 0.288554 0.323729 -0.111214 0.325004 0.943573 0.063577 0.043020 0.000000 0.000000 0.000000 1.000000
-0.296017 0.171139 -0.939726 -0.446780 -0.896239 0.290488 0.335221 -0.111214 0.330348 0.941450 0.067392 0.043020 0.000000 0.000000 0.000000 1.000000
-0.304820 0.179792 -0.935286 -0.446780 -0.891090 0.292833 0.346708 -0.111214 0.336218 0.939108 0.070950 0.043020 0.000000 0.000000 0.000000 1.000000
-0.313573 0.188342 -0.930698 -0.446780 -0.885658 0.295480 0.358193 -0.111214 0.342466 0.936600 0.074151 0.043020 0.000000 0.000000 0.000000 1.000000
-0.322313 0.196676 -0.925977 -0.446779 -0.879974 0.298320 0.369663 -0.111214 0.348942 0.933983 0.076918 0.043020 0.000000 0.000000 0.000000 1.000000
-0.331070 0.204710 -0.921133 -0.446780 -0.874067 0.301271 0.381107 -0.111214 0.355527 0.931305 0.079189 0.043020 0.000000 0.000000 0.000000 1.000000
-0.339864 0.212373 -0.916182 -0.446780 -0.867967 0.304258 0.392506 -0.111214 0.362113 0.928614 0.080927 0.043020 0.000000 0.000000 0.000000 1.000000
-0.348696 0.219596 -0.911147 -0.446780 -0.861718 0.307201 0.403819 -0.111214 0.368582 0.925962 0.082110 0.043020 0.000000 0.000000 0.000000 1.000000
-0.357549 0.226327 -0.906054 -0.446780 -0.855371 0.310035 0.414993 -0.111214 0.374832 0.923393 0.082741 0.043020 0.000000 0.000000 0.000000 1.000000
-0.366379 0.232526 -0.900943 -0.446780 -0.848985 0.312708 0.425957 -0.111214 0.380778 0.920948 0.082842 0.043020 0.000000 0.000000 0.000000 1.000000
-0.375118 0.238164 -0.895860 -0.446780 -0.842630 0.315180 0.436620 -0.111214 0.386344 0.918662 0.082454 0.043020 0.000000 0.000000 0.000000 1.000000
-0.383678 0.243221 -0.890862 -0.446779 -0.836386 0.317424 0.446879 -0.111214 0.391471 0.916562 0.081638 0.043020 0.000000 0.000000 0.000000 1.000000
-0.391945 0.247687 -0.886019 -0.446780 -0.830347 0.319421 0.456612 -0.111214 0.396110 0.914670 0.080470 0.043020 0.000000 0.000000 0.000000 1.000000
-0.399790 0.251555 -0.881412 -0.446780 -0.824616 0.321159 0.465688 -0.111214 0.400219 0.913004 0.079040 0.043020 0.000000 0.000000 0.000000 1.000000
-0.407062 0.254823 -0.877135 -0.446780 -0.819312 0.322633 0.473958 -0.111214 0.403768 0.911578 0.077448 0.043020 0.000000 0.000000 0.000000 1.000000
-0.413577 0.257492 -0.873300 -0.446779 -0.814555 0.323877 0.481252 -0.111214 0.406760 0.910385 0.075793 0.043020 0.000000 0.000000 0.000000 1.000000
-0.419187 0.259513 -0.870020 -0.446780 -0.810517 0.324808 0.487403 -0.111214 0.409077 0.909479 0.074184 0.043020 0.000000 0.000000 0.000000 1.000000
-0.423695 0.260894 -0.867420 -0.446780 -0.807324 0.325476 0.492234 -0.111214 0.410745 0.908846 0.072723 0.043020 0.000000 0.000000 0.000000 1.000000
-0.426853 0.261623 -0.865650 -0.446780 -0.805119 0.325955 0.495518 -0.111214 0.411801 0.908464 0.071503 0.043020 0.000000 0.000000 0.000000 1.000000
-0.428457 0.261701 -0.864834 -0.446780 -0.804024 0.326296 0.497068 -0.111214 0.412275 0.908319 0.070610 0.043020 0.000000 0.000000 0.000000 1.000000
-0.428373 0.261144 -0.865044 -0.446779 -0.804117 0.326516 0.496772 -0.111214 0.412180 0.908400 0.070119 0.043020 0.000000 0.000000 0.000000 1.000000
-0.425779 0.258364 -0.867156 -0.446780 -0.805712 0.327857 0.493293 -0.111214 0.411752 0.908712 0.068573 0.043020 0.000000 0.000000 0.000000 1.000000
-0.420159 0.252004 -0.871757 -0.446780 -0.808913 0.331355 0.485657 -0.111215 0.411249 0.909229 0.064627 0.043020 0.000000 0.000000 0.000000 1.000000
-0.411896 0.242377 -0.878405 -0.446779 -0.813429 0.336672 0.474325 -0.111214 0.410700 0.909893 0.058483 0.043020 0.000000 0.000000 0.000000 1.000000
-0.401397 0.229763 -0.886617 -0.446780 -0.818951 0.343424 0.459759 -0.111214 0.410121 0.910642 0.050315 0.043020 0.000000 0.000000 0.000000 1.000000
-0.389090 0.214445 -0.895892 -0.446780 -0.825164 0.351213 0.442440 -0.111214 0.409528 0.911407 0.040298 0.043020 0.000000 0.000000 0.000000 1.000000
-0.375448 0.196678 -0.905735 -0.446779 -0.831804 0.359550 0.422877 -0.111214 0.408828 0.912163 0.028606 0.043020 0.000000 0.000000 0.000000 1.000000
-0.360991 0.176755 -0.915666 -0.446779 -0.838649 0.367899 0.401645 -0.111214 0.407865 0.912912 0.015427 0.043020 0.000000 0.000000 0.000000 1.000000
-0.346139 0.155035 -0.925285 -0.446780 -0.845487 0.375905 0.379272 -0.111214 0.406619 0.913597 0.000964 0.043020 0.000000 0.000000 0.000000 1.000000
-0.331283 0.131951 -0.934259 -0.446779 -0.852169 0.383222 0.356299 -0.111214 0.405042 0.914183 -0.014510 0.043020 0.000000 0.000000 0.000000 1.000000
-0.316731 0.107930 -0.942355 -0.446780 -0.858608 0.389575 0.333202 -0.111214 0.403080 0.914649 -0.030721 0.043020 0.000000 0.000000 0.000000 1.000000
-0.302737 0.083386 -0.949419 -0.446780 -0.864742 0.394800 0.310411 -0.111214 0.400715 0.914975 -0.047413 0.043020 0.000000 0.000000 0.000000 1.000000
-0.289512 0.058767 -0.955369 -0.446780 -0.870534 0.398791 0.288334 -0.111214 0.397937 0.915157 -0.064296 0.043020 0.000000 0.000000 0.000000 1.000000
-0.277227 0.034554 -0.960183 -0.446780 -0.875966 0.401500 0.267360 -0.111214 0.394751 0.915207 -0.081039 0.043020 0.000000 0.000000 0.000000 1.000000
-0.266015 0.011259 -0.963903 -0.446779 -0.881028 0.402940 0.247850 -0.111214 0.391186 0.915157 -0.097269 0.043020 0.000000 0.000000 0.000000 1.000000
-0.255981 -0.010583 -0.966624 -0.446780 -0.885708 0.403184 0.230139 -0.111214 0.387292 0.915058 -0.112581 0.043020 0.000000 0.000000 0.000000 1.000000
-0.247209 -0.030411 -0.968485 -0.446779 -0.889992 0.402352 0.214539 -0.111214 0.383148 0.914980 -0.126531 0.043020 0.000000 0.000000 0.000000 1.000000
-0.239766 -0.047659 -0.969660 -0.446780 -0.893856 0.400607 0.201332 -0.111214 0.378858 0.915010 -0.138652 0.043020 0.000000 0.000000 0.000000 1.000000
-0.233711 -0.061745 -0.970344 -0.446780 -0.897264 0.398148 0.190775 -0.111214 0.374561 0.915241 -0.148453 0.043020 0.000000 0.000000 0.000000 1.000000
-0.229086 -0.072051 -0.970736 -0.446779 -0.900109 0.395331 0.183076 -0.111214 0.370571 0.915709 -0.155418 0.043020 0.000000 0.000000 0.000000 1.000000
-0.225959 -0.077960 -0.971012 -0.446780 -0.902284 0.392475 0.178455 -0.111214 0.367186 0.916453 -0.159025 0.043020 0.000000 0.000000 0.000000 1.000000
-0.223732 -0.073173 -0.971900 -0.446780 -0.904180 0.387865 0.178941 -0.111214 0.363872 0.918807 -0.152940 0.043020 0.000000 0.000000 0.000000 1.000000
-0.221830 -0.053989 -0.973590 -0.446779 -0.906164 0.380130 0.185388 -0.111214 0.360081 0.923356 -0.133247 0.043020 0.000000 0.000000 0.000000 1.000000
-0.220421 -0.023746 -0.975116 -0.446780 -0.908131 0.369831 0.196273 -0.111214 0.355968 0.928795 -0.103083 0.043020 0.000000 0.000000 0.000000 1.000000
-0.219657 0.014124 -0.975475 -0.446780 -0.909972 0.357514 0.210084 -0.111214 0.351713 0.933801 -0.065678 0.043020 0.000000 0.000000 0.000000 1.000000
-0.219613 0.056066 -0.973975 -0.446780 -0.911590 0.343840 0.225339 -0.111214 0.347525 0.937353 -0.024402 0.043020 0.000000 0.000000 0.000000 1.000000
-0.220234 0.098422 -0.970469 -0.446780 -0.912915 0.329687 0.240609 -0.111214 0.343632 0.938946 0.017243 0.043020 0.000000 0.000000 0.000000 1.000000
-0.221306 0.137507 -0.965461 -0.446780 -0.913912 0.316200 0.254525 -0.111214 0.340278 0.938674 0.055692 0.043020 0.000000 0.000000 0.000000 1.000000
-0.222464 0.169684 -0.960061 -0.446780 -0.914586 0.304774 0.265793 -0.111214 0.337702 0.937187 0.087390 0.043020 0.000000 0.000000 0.000000 1.000000
-0.223240 0.191417 -0.955784 -0.446780 -0.914972 0.296979 0.273184 -0.111214 0.336140 0.935502 0.108844 0.043020 0.000000 0.000000 0.000000 1.000000
-0.223164 0.199231 -0.954204 -0.446780 -0.915112 0.294404 0.275491 -0.111214 0.335808 0.934683 0.116619 0.043020 0.000000 0.000000 0.000000 1.000000
-0.224291 0.190914 -0.955639 -0.446780 -0.914223 0.298369 0.274177 -0.111214 0.337477 0.935162 0.107616 0.043020 0.000000 0.000000 0.000000 1.000000
-0.228638 0.168905 -0.958747 -0.446780 -0.911667 0.308273 0.271720 -0.111214 0.341450 0.936183 0.083502 0.043020 0.000000 0.000000 0.000000 1.000000
-0.235852 0.136767 -0.962117 -0.446780 -0.907679 0.322638 0.268371 -0.111214 0.347120 0.936589 0.048046 0.043020 0.000000 0.000000 0.000000 1.000000
-0.245635 0.098191 -0.964376 -0.446780 -0.902456 0.340031 0.264485 -0.111214 0.353888 0.935274 0.005089 0.043020 0.000000 0.000000 0.000000 1.000000
-0.257492 0.056872 -0.964605 -0.446780 -0.896222 0.359127 0.260411 -0.111214 0.361226 0.931554 -0.041502 0.043020 0.000000 0.000000 0.000000 1.000000
-0.270718 0.016458 -0.962518 -0.446780 -0.889276 0.378616 0.256591 -0.111214 0.368647 0.925408 -0.087862 0.043020 0.000000 0.000000 0.000000 1.000000
-0.284393 -0.019566 -0.958508 -0.446780 -0.882017 0.397163 0.253590 -0.111214 0.375723 0.917539 -0.130208 0.043020 0.000000 0.000000 0.000000 1.000000
-0.297404 -0.047971 -0.953546 -0.446780 -0.874954 0.413406 0.252094 -0.111214 0.382108 0.909282 -0.164921 0.043020 0.000000 0.000000 0.000000 1.000000
-0.308503 -0.065784 -0.948946 -0.446779 -0.868693 0.425935 0.252886 -0.111214 0.387553 0.902359 -0.188549 0.043020 0.000000 0.000000 0.000000 1.000000
-0.316370 -0.070222 -0.946033 -0.446779 -0.863915 0.433280 0.256747 -0.111214 0.391868 0.898519 -0.197743 0.043020 0.000000 0.000000 0.000000 1.000000
-0.322301 -0.064538 -0.944435 -0.446780 -0.859920 0.437101 0.263591 -0.111214 0.395802 0.897094 -0.196376 0.043020 0.000000 0.000000 0.000000 1.000000
-0.328438 -0.054245 -0.942966 -0.446780 -0.855586 0.440013 0.272691 -0.111214 0.400125 0.896351 -0.190929 0.043020 0.000000 0.000000 0.000000 1.000000
-0.334714 -0.039964 -0.941472 -0.446779 -0.850970 0.441951 0.283778 -0.111214 0.404744 0.896149 -0.181935 0.043020 0.000000 0.000000 0.000000 1.000000
-0.341059 -0.022294 -0.939777 -0.446779 -0.846114 0.442879 0.296561 -0.111214 0.409597 0.896304 -0.169911 0.043020 0.000000 0.000000 0.000000 1.000000
-0.347411 -0.001812 -0.937711 -0.446780 -0.841050 0.442801 0.310744 -0.111214 0.414657 0.896618 -0.155358 0.043020 0.000000 0.000000 0.000000 1.000000
-0.353780 0.020870 -0.935096 -0.446780 -0.835866 0.441578 0.326093 -0.111214 0.419723 0.896980 -0.138777 0.043020 0.000000 0.000000 0.000000 1.000000
-0.359976 0.044927 -0.931879 -0.446780 -0.830824 0.438974 0.342102 -0.111214 0.424440 0.897376 -0.120694 0.043020 0.000000 0.000000 0.000000 1.000000
-0.365849 0.069719 -0.928059 -0.446780 -0.826053 0.435023 0.358318 -0.111214 0.428708 0.897716 -0.101561 0.043020 0.000000 0.000000 0.000000 1.000000
-0.371513 0.094825 -0.923572 -0.446780 -0.821536 0.429830 0.374600 -0.111214 0.432501 0.897917 -0.081785 0.043020 0.000000 0.000000 0.000000 1.000000
-0.377073 0.119855 -0.918396 -0.446780 -0.817239 0.423538 0.390814 -0.111214 0.435817 0.897914 -0.061755 0.043020 0.000000 0.000000 0.000000 1.000000
-0.382616 0.144443 -0.912547 -0.446779 -0.813124 0.416319 0.406827 -0.111214 0.438673 0.897672 -0.041840 0.043020 0.000000 0.000000 0.000000 1.000000
