<?xml version="1.0" encoding="utf-8"?>
<COLLADA xmlns="http://www.collada.org/2005/11/COLLADASchema" version="1.4.1">
  <asset><contributor><author></author><authoring_tool>FBX COLLADA exporter</authoring_tool><comments></comments></contributor><created>2018-03-28T17:05:29Z</created><keywords></keywords><modified>2018-03-28T17:05:29Z</modified><revision></revision><subject></subject><title></title><unit meter="0.010000" name="centimeter"></unit><up_axis>Y_UP</up_axis></asset>
  <library_animations>
    <animation id="jnt_hips-anim" name="jnt_hips"><animation><source id="jnt_hips-Matrix-animation-input"><float_array id="jnt_hips-Matrix-animation-input-array" count="21">

0.000000 0.033333 0.066667 0.100000 0.133333 0.166667 0.200000 0.233333 0.266667 0.300000 0.333333 0.366667 0.400000 0.433333 0.466667 0.500000
0.533333 0.566667 0.600000 0.633333 0.666667</float_array><technique_common><accessor source="#jnt_hips-Matrix-animation-input-array" count="21"><param name="TIME" type="float"/></accessor></technique_common></source><source id="jnt_hips-Matrix-animation-output-transform"><float_array id="jnt_hips-Matrix-animation-output-transform-array" count="336">

0.961463 0.055178 -0.269340 0.012770 -0.002572 0.981416 0.191875 2.028561 0.274922 -0.183788 0.943737 -0.271285 0.000000 0.000000 0.000000 1.000000
0.958204 0.034741 -0.283968 0.019609 -0.003188 0.993834 0.110829 1.789178 0.286067 -0.105292 0.952407 -0.297213 0.000000 0.000000 0.000000 1.000000
0.953553 0.004820 -0.301186 0.032776 -0.005619 0.999983 -0.001787 1.341100 0.301172 0.003396 0.953564 -0.354329 0.000000 0.000000 0.000000 1.000000
0.950079 -0.018033 -0.311489 0.039160 -0.008766 0.996392 -0.084420 1.100006 0.311887 0.082936 0.946492 -0.398651 0.000000 0.000000 0.000000 1.000000
0.950040 -0.023586 -0.311235 0.036245 -0.010021 0.994322 -0.105941 1.115014 0.311967 0.103767 0.944409 -0.418077 0.000000 0.000000 0.000000 1.000000
0.951439 -0.022983 -0.306978 0.030527 -0.010508 0.994203 -0.107003 1.151838 0.307658 0.105032 0.945682 -0.429309 0.000000 0.000000 0.000000 1.000000
0.952148 -0.019843 -0.304993 0.023755 -0.010814 0.995078 -0.098502 1.201617 0.305446 0.097087 0.947247 -0.436144 0.000000 0.000000 0.000000 1.000000
0.950075 -0.017677 -0.311519 0.017693 -0.011411 0.995757 -0.091306 1.255463 0.311812 0.090303 0.945843 -0.442366 0.000000 0.000000 0.000000 1.000000
0.944056 -0.017090 -0.329341 0.011730 -0.012436 0.996101 -0.087337 1.314298 0.329549 0.086547 0.940163 -0.449004 0.000000 0.000000 0.000000 1.000000
0.934142 -0.016140 -0.356537 0.005090 -0.013681 0.996623 -0.080960 1.381268 0.356640 0.080506 0.930767 -0.454502 0.000000 0.000000 0.000000 1.000000
0.922903 -0.014852 -0.384745 -0.001079 -0.014596 0.997188 -0.073506 1.450910 0.384755 0.073455 0.920091 -0.458707 0.000000 0.000000 0.000000 1.000000
0.913803 -0.013426 -0.405936 -0.005632 -0.014816 0.997686 -0.066349 1.517765 0.405887 0.066644 0.911490 -0.461509 0.000000 0.000000 0.000000 1.000000
0.910933 -0.012232 -0.412374 -0.007432 -0.014156 0.998045 -0.060876 1.576379 0.412312 0.061292 0.908979 -0.462826 0.000000 0.000000 0.000000 1.000000
0.913864 -0.011716 -0.405852 -0.006845 -0.013172 0.998202 -0.058474 1.632410 0.405807 0.058783 0.912066 -0.453772 0.000000 0.000000 0.000000 1.000000
0.919875 -0.011333 -0.392047 -0.005259 -0.011754 0.998337 -0.056439 1.692641 0.392035 0.056525 0.918212 -0.429333 0.000000 0.000000 0.000000 1.000000
0.927762 -0.011084 -0.373007 -0.003029 -0.010065 0.998452 -0.054703 1.753473 0.373036 0.054506 0.926214 -0.394620 0.000000 0.000000 0.000000 1.000000
0.936381 -0.010952 -0.350816 -0.000505 -0.008255 0.998549 -0.053207 1.811306 0.350889 0.052719 0.934932 -0.354750 0.000000 0.000000 0.000000 1.000000
0.944744 -0.010911 -0.327626 0.001965 -0.006466 0.998631 -0.051904 1.862543 0.327744 0.051155 0.943381 -0.314843 0.000000 0.000000 0.000000 1.000000
0.952073 -0.010928 -0.305675 0.004041 -0.004834 0.998699 -0.050763 1.903586 0.305832 0.049807 0.950782 -0.280030 0.000000 0.000000 0.000000 1.000000
0.957789 -0.010964 -0.287261 0.005382 -0.003493 0.998755 -0.049763 1.930837 0.287449 0.048666 0.956559 -0.255450 0.000000 0.000000 0.000000 1.000000
0.961461 -0.010974 -0.274722 0.005652 -0.002571 0.998800 -0.048898 1.940699 0.274929 0.047720 0.960279 -0.246250 0.000000 0.000000 0.000000 1.000000</float_array><technique_common><accessor source="#jnt_hips-Matrix-animation-output-transform-array" count="21" stride="16"><param type="float4x4"/></accessor></technique_common></source><source id="jnt_hips-Interpolations"><Name_array id="jnt_hips-Interpolations-array" count="21">
 LINEAR LINEAR LINEAR LINEAR LINEAR LINEAR LINEAR LINEAR LINEAR LINEAR LINEAR
LINEAR LINEAR LINEAR LINEAR LINEAR LINEAR LINEAR LINEAR LINEAR LINEAR</Name_array><technique_common><accessor source="#jnt_hips-Interpolations-array" count="21"><param type="name"/></accessor></technique_common></source><sampler id="jnt_hips-Matrix-animation-transform"><input semantic="INPUT" source="#jnt_hips-Matrix-animation-input"/><input semantic="OUTPUT" source="#jnt_hips-Matrix-animation-output-transform"/><input semantic="INTERPOLATION" source="#jnt_hips-Interpolations"/></sampler><channel source="#jnt_hips-Matrix-animation-transform" target="jnt_hips/matrix"/></animation></animation>
    <animation id="jnt_right_upleg-anim" name="jnt_right_upleg"><animation><source id="jnt_right_upleg-Matrix-animation-input"><float_array id="jnt_right_upleg-Matrix-animation-input-array" count="21">

0.000000 0.033333 0.066667 0.100000 0.133333 0.166667 0.200000 0.233333 0.266667 0.300000 0.333333 0.366667 0.400000 0.433333 0.466667 0.500000
0.533333 0.566667 0.600000 0.633333 0.666667</float_array><technique_common><accessor source="#jnt_right_upleg-Matrix-animation-input-array" count="21"><param name="TIME" type="float"/></accessor></technique_common></source><source id="jnt_right_upleg-Matrix-animation-output-transform"><float_array id="jnt_right_upleg-Matrix-animation-output-transform-array" count="336">

-0.424441 0.284555 -0.859580 -0.446779 -0.785698 0.356094 0.505841 -0.111214 0.450031 0.890071 0.072434 0.043020 0.000000 0.000000 0.000000 1.000000
-0.359366 0.248345 -0.899545 -0.446780 -0.753308 0.491747 0.436705 -0.111214 0.550802 0.834572 0.010363 0.043020 0.000000 0.000000 0.000000 1.000000
-0.224569 0.115076 -0.967639 -0.446780 -0.706189 0.665025 0.242980 -0.111214 0.671465 0.737902 -0.068079 0.043020 0.000000 0.000000 0.000000 1.000000
-0.117439 0.008605 -0.993043 -0.446780 -0.654126 0.751721 0.083872 -0.111214 0.747213 0.659425 -0.082653 0.043020 0.000000 0.000000 0.000000 1.000000
-0.100134 0.003220 -0.994969 -0.446780 -0.622835 0.779631 0.065206 -0.111214 0.775919 0.626231 -0.076062 0.043020 0.000000 0.000000 0.000000 1.000000
-0.091725 -0.013001 -0.995700 -0.446780 -0.623765 0.780181 0.047275 -0.111214 0.776211 0.625419 -0.079672 0.043020 0.000000 0.000000 0.000000 1.000000
-0.085317 -0.030117 -0.995899 -0.446780 -0.641540 0.766431 0.031782 -0.111214 0.762330 0.641620 -0.084710 0.043020 0.000000 0.000000 0.000000 1.000000
-0.075119 -0.040649 -0.996346 -0.446780 -0.658637 0.752221 0.018968 -0.111214 0.748701 0.657655 -0.083279 0.043020 0.000000 0.000000 0.000000 1.000000
-0.057979 -0.036382 -0.997655 -0.446780 -0.671962 0.740488 0.012047 -0.111214 0.738313 0.671084 -0.067380 0.043020 0.000000 0.000000 0.000000 1.000000
-0.038007 -0.017555 -0.999123 -0.446779 -0.690167 0.723524 0.013542 -0.111214 0.722652 0.690076 -0.039615 0.043020 0.000000 0.000000 0.000000 1.000000
-0.021304 0.007560 -0.999744 -0.446780 -0.714258 0.699582 0.020511 -0.111214 0.699559 0.714512 -0.009504 0.043020 0.000000 0.000000 0.000000 1.000000
-0.013227 0.029577 -0.999475 -0.446780 -0.742772 0.668888 0.029624 -0.111214 0.669413 0.742774 0.013121 0.043020 0.000000 0.000000 0.000000 1.000000
-0.017879 0.037776 -0.999126 -0.446779 -0.772508 0.633880 0.037790 -0.111214 0.634754 0.772508 0.017849 0.043020 0.000000 0.000000 0.000000 1.000000
-0.036991 0.030030 -0.998864 -0.446780 -0.806922 0.588738 0.047583 -0.111214 0.589499 0.807766 0.002454 0.043020 0.000000 0.000000 0.000000 1.000000
-0.066178 0.011832 -0.997738 -0.446780 -0.849306 0.524183 0.062549 -0.111214 0.523737 0.851524 -0.024640 0.043020 0.000000 0.000000 0.000000 1.000000
-0.098151 -0.015899 -0.995045 -0.446780 -0.892450 0.443826 0.080940 -0.111214 0.440340 0.895972 -0.057751 0.043020 0.000000 0.000000 0.000000 1.000000
-0.126597 -0.050521 -0.990667 -0.446780 -0.930650 0.351697 0.100992 -0.111214 0.343312 0.934750 -0.091541 0.043020 0.000000 0.000000 0.000000 1.000000
-0.146984 -0.087933 -0.985223 -0.446780 -0.959915 0.253007 0.120627 -0.111214 0.238661 0.963460 -0.121596 0.043020 0.000000 0.000000 0.000000 1.000000
-0.157226 -0.123093 -0.979861 -0.446780 -0.978218 0.155584 0.137417 -0.111214 0.135536 0.980123 -0.144873 0.043020 0.000000 0.000000 0.000000 1.000000
-0.158441 -0.150101 -0.975892 -0.446780 -0.986122 0.073705 0.148766 -0.111214 0.049598 0.985919 -0.159696 0.043020 0.000000 0.000000 0.000000 1.000000
-0.156104 -0.161650 -0.974423 -0.446779 -0.987700 0.034508 0.152507 -0.111214 0.008972 0.986245 -0.165049 0.043020 0.000000 0.000000 0.000000 1.000000</float_array><technique_common><accessor source="#jnt_right_upleg-Matrix-animation-output-transform-array" count="21" stride="16"><param type="float4x4"/></accessor></technique_common></source><source id="jnt_right_upleg-Interpolations"><Name_array id="jnt_right_upleg-Interpolations-array" count="21">
 LINEAR LINEAR LINEAR LINEAR LINEAR LINEAR LINEAR LINEAR LINEAR LINEAR LINEAR
LINEAR LINEAR LINEAR LINEAR LINEAR LINEAR LINEAR LINEAR LINEAR LINEAR</Name_array><technique_common><accessor source="#jnt_right_upleg-Interpolations-array" count="21"><param type="name"/></accessor></technique_common></source><sampler id="jnt_right_upleg-Matrix-animation-transform"><input semantic="INPUT" source="#jnt_right_upleg-Matrix-animation-input"/><input semantic="OUTPUT" source="#jnt_right_upleg-Matrix-animation-output-transform"/><input semantic="INTERPOLATION" source="#jnt_right_upleg-Interpolations"/></sampler><channel source="#jnt_right_upleg-Matrix-animation-transform" target="jnt_right_upleg/matrix"/></animation></animation>
    <animation id="jnt_right_uplegroll-anim" name="jnt_right_uplegroll"><animation><source id="jnt_right_uplegroll-Matrix-animation-input"><float_array id="jnt_right_uplegroll-Matrix-animation-input-array" count="21">

0.000000 0.033333 0.066667 0.100000 0.133333 0.166667 0.200000 0.233333 0.266667 0.300000 0.333333 0.366667 0.400000 0.433333 0.466667 0.500000
0.533333 0.566667 0.600000 0.633333 0.666667</float_array><technique_common><accessor source="#jnt_right_uplegroll-Matrix-animation-input-array" count="21"><param name="TIME" type="float"/></accessor></technique_common></source><source id="jnt_right_uplegroll-Matrix-animation-output-transform"><float_array id="jnt_right_uplegroll-Matrix-animation-output-transform-array" count="336">

1.000000 0.000000 0.000000 0.430001 0.000000 1.000000 -0.000000 -0.000000 -0.000000 0.000000 1.000000 -0.000000 0.000000 0.000000 0.000000 1.000000
1.000000 -0.000000 0.000000 0.430000 0.000000 1.000000 0.000000 -0.000000 -0.000000 0.000000 1.000000 -0.000000 0.000000 0.000000 0.000000 1.000000
1.000000 0.000000 -0.000000 0.430000 0.000000 1.000000 0.000000 -0.000000 0.000000 0.000000 1.000000 0.000000 0.000000 0.000000 0.000000 1.000000
1.000000 0.000000 0.000000 0.430000 -0.000000 1.000000 0.000000 0.000000 0.000000 -0.000000 1.000000 0.000000 0.000000 0.000000 0.000000 1.000000
1.000000 -0.000000 -0.000000 0.430000 0.000000 1.000000 0.000000 0.000000 0.000000 0.000000 1.000000 0.000000 0.000000 0.000000 0.000000 1.000000
1.000000 0.000000 0.000000 0.430000 -0.000000 1.000000 0.000000 -0.000000 -0.000000 0.000000 1.000000 0.000000 0.000000 0.000000 0.000000 1.000000
1.000000 0.000000 0.000000 0.430000 0.000000 1.000000 0.000000 -0.000000 -0.000000 0.000000 1.000000 -0.000000 0.000000 0.000000 0.000000 1.000000
1.000000 0.000000 -0.000000 0.430000 -0.000000 1.000000 0.000000 0.000000 -0.000000 -0.000000 1.000000 0.000000 0.000000 0.000000 0.000000 1.000000
1.000000 0.000000 0.000000 0.430000 0.000000 1.000000 0.000000 -0.000000 0.000000 0.000000 1.000000 0.000000 0.000000 0.000000 0.000000 1.000000
1.000000 0.000000 0.000000 0.430000 0.000000 1.000000 0.000000 0.000000 -0.000000 0.000000 1.000000 0.000000 0.000000 0.000000 0.000000 1.000000
1.000000 0.000000 0.000000 0.430000 0.000000 1.000000 0.000000 -0.000000 -0.000000 0.000000 1.000000 0.000000 0.000000 0.000000 0.000000 1.000000
1.000000 -0.000000 0.000000 0.430000 0.000000 1.000000 -0.000000 -0.000000 0.000000 0.000000 1.000000 -0.000000 0.000000 0.000000 0.000000 1.000000
1.000000 0.000000 0.000000 0.430001 0.000000 1.000000 0.000000 -0.000000 0.000000 0.000000 1.000000 0.000000 0.000000 0.000000 0.000000 1.000000
1.000000 0.000000 0.000000 0.430000 0.000000 1.000000 0.000000 -0.000000 -0.000000 -0.000000 1.000000 0.000000 0.000000 0.000000 0.000000 1.000000
1.000000 0.000000 0.000000 0.430000 -0.000000 1.000000 0.000000 0.000000 -0.000000 -0.000000 1.000000 0.000000 0.000000 0.000000 0.000000 1.000000
1.000000 -0.000000 0.000000 0.430001 -0.000000 1.000000 0.000000 -0.000000 0.000000 0.000000 1.000000 0.000000 0.000000 0.000000 0.000000 1.000000
1.000000 0.000000 0.000000 0.430000 -0.000000 1.000000 -0.000000 0.000000 -0.000000 -0.000000 1.000000 0.000000 0.000000 0.000000 0.000000 1.000000
1.000000 0.000000 0.000000 0.430000 0.000000 1.000000 0.000000 0.000000 -0.000000 -0.000000 1.000000 -0.000000 0.000000 0.000000 0.000000 1.000000
1.000000 -0.000000 -0.000000 0.430000 -0.000000 1.000000 0.000000 -0.000000 0.000000 -0.000000 1.000000 -0.000000 0.000000 0.000000 0.000000 1.000000
1.000000 -0.000000 -0.000000 0.430000 -0.000000 1.000000 -0.000000 0.000000 0.000000 0.000000 1.000000 0.000000 0.000000 0.000000 0.000000 1.000000
1.000000 0.000000 0.000000 0.430000 0.000000 1.000000 -0.000000 0.000000 0.000000 -0.000000 1.000000 0.000000 0.000000 0.000000 0.000000 1.000000</float_array><technique_common><accessor source="#jnt_right_uplegroll-Matrix-animation-output-transform-array" count="21" stride="16"><param type="float4x4"/></accessor></technique_common></source><source id="jnt_right_uplegroll-Interpolations"><Name_array id="jnt_right_uplegroll-Interpolations-array" count="21">
 LINEAR LINEAR LINEAR LINEAR LINEAR LINEAR LINEAR LINEAR LINEAR LINEAR LINEAR
LINEAR LINEAR LINEAR LINEAR LINEAR LINEAR LINEAR LINEAR LINEAR LINEAR</Name_array><technique_common><accessor source="#jnt_right_uplegroll-Interpolations-array" count="21"><param type="name"/></accessor></technique_common></source><sampler id="jnt_right_uplegroll-Matrix-animation-transform"><input semantic="INPUT" source="#jnt_right_uplegroll-Matrix-animation-input"/><input semantic="OUTPUT" source="#jnt_right_uplegroll-Matrix-animation-output-transform"/><input semantic="INTERPOLATION" source="#jnt_right_uplegroll-Interpolations"/></sampler><channel source="#jnt_right_uplegroll-Matrix-animation-transform" target="jnt_right_uplegroll/matrix"/></animation></animation>
    <animation id="jnt_right_leg-anim" name="jnt_right_leg"><animation><source id="jnt_right_leg-Matrix-animation-input"><float_array id="jnt_right_leg-Matrix-animation-input-array" count="21">

0.000000 0.033333 0.066667 0.100000 0.133333 0.166667 0.200000 0.233333 0.266667 0.300000 0.333333 0.366667 0.400000 0.433333 0.466667 0.500000
0.533333 0.566667 0.600000 0.633333 0.666667</float_array><technique_common><accessor source="#jnt_right_leg-Matrix-animation-input-array" count="21"><param name="TIME" type="float"/></accessor></technique_common></source><source id="jnt_right_leg-Matrix-animation-output-transform"><float_array id="jnt_right_leg-Matrix-animation-output-transform-array" count="336">

-0.051614 0.974757 0.217220 0.860325 -0.998562 -0.053527 0.002925 -0.000000 0.014478 -0.216757 0.976118 0.000000 0.000000 0.000000 0.000000 1.000000
-0.205722 0.963645 0.170489 0.860324 -0.976707 -0.213044 0.025623 -0.000000 0.061014 -0.161246 0.985026 -0.000000 0.000000 0.000000 0.000000 1.000000
-0.442431 0.887238 0.130626 0.860324 -0.885366 -0.455319 0.093876 -0.000000 0.142767 -0.074118 0.986977 0.000000 0.000000 0.000000 0.000000 1.000000
-0.549543 0.831254 0.083781 0.860324 -0.814474 -0.555373 0.167907 0.000000 0.186103 0.024035 0.982236 0.000000 0.000000 0.000000 0.000000 1.000000
-0.542009 0.838758 0.052064 0.860324 -0.819572 -0.541277 0.187938 0.000000 0.185815 0.059194 0.980800 0.000000 0.000000 0.000000 0.000000 1.000000
-0.501282 0.864375 0.039650 0.860324 -0.844724 -0.498787 0.194042 0.000000 0.187502 0.063776 0.980192 -0.000000 0.000000 0.000000 0.000000 1.000000
-0.440552 0.897012 0.035823 0.860324 -0.877482 -0.438700 0.193824 0.000000 0.189578 0.053955 0.980382 -0.000000 0.000000 0.000000 0.000000 1.000000
-0.375102 0.926521 0.029275 0.860325 -0.907118 -0.373383 0.194223 0.000000 0.190882 0.046297 0.980521 0.000000 0.000000 0.000000 0.000000 1.000000
-0.300972 0.953629 -0.002658 0.860324 -0.935453 -0.294691 0.195154 0.000000 0.185321 0.061223 0.980769 0.000000 0.000000 0.000000 0.000000 1.000000
-0.205720 0.976831 -0.059004 0.860324 -0.963797 -0.191786 0.185239 0.000000 0.169631 0.094975 0.980921 -0.000000 0.000000 0.000000 0.000000 1.000000
-0.096183 0.987988 -0.120949 0.860324 -0.984308 -0.076349 0.159085 0.000000 0.147939 0.134352 0.979828 -0.000000 0.000000 0.000000 0.000000 1.000000
0.017674 0.985501 -0.168747 0.860325 -0.991956 0.038441 0.120609 -0.000000 0.125347 0.165258 0.978252 -0.000000 0.000000 0.000000 0.000000 1.000000
0.122927 0.975092 -0.184622 0.860325 -0.986556 0.140254 0.083882 -0.000000 0.107687 0.171829 0.979223 0.000000 0.000000 0.000000 0.000000 1.000000
0.226217 0.958407 -0.174017 0.860324 -0.969513 0.238808 0.054906 0.000000 0.094179 0.156291 0.983211 0.000000 0.000000 0.000000 0.000000 1.000000
0.340916 0.926972 -0.156521 0.860324 -0.936663 0.349142 0.027612 0.000000 0.080244 0.137194 0.987289 -0.000000 0.000000 0.000000 0.000000 1.000000
0.463201 0.875907 -0.135021 0.860325 -0.883796 0.467862 0.003176 -0.000000 0.065954 0.117860 0.990838 -0.000000 0.000000 0.000000 0.000000 1.000000
0.587649 0.801313 -0.112096 0.860324 -0.807491 0.589589 -0.018521 0.000000 0.051249 0.101400 0.993525 0.000000 0.000000 0.000000 0.000000 1.000000
0.706219 0.702296 -0.089636 0.860324 -0.707054 0.706125 -0.038227 -0.000000 0.036448 0.090374 0.995241 -0.000000 0.000000 0.000000 0.000000 1.000000
0.808024 0.585072 -0.069195 0.860324 -0.588706 0.806383 -0.056309 -0.000000 0.022853 0.086235 0.996013 -0.000000 0.000000 0.000000 0.000000 1.000000
0.879833 0.472257 -0.053544 0.860324 -0.475106 0.876982 -0.071955 -0.000000 0.012976 0.088748 0.995970 0.000000 0.000000 0.000000 0.000000 1.000000
0.907695 0.416808 -0.048585 0.860324 -0.419529 0.903922 -0.083186 0.000000 0.009245 0.095891 0.995349 0.000000 0.000000 0.000000 0.000000 1.000000</float_array><technique_common><accessor source="#jnt_right_leg-Matrix-animation-output-transform-array" count="21" stride="16"><param type="float4x4"/></accessor></technique_common></source><source id="jnt_right_leg-Interpolations"><Name_array id="jnt_right_leg-Interpolations-array" count="21">
 LINEAR LINEAR LINEAR LINEAR LINEAR LINEAR LINEAR LINEAR LINEAR LINEAR LINEAR
LINEAR LINEAR LINEAR LINEAR LINEAR LINEAR LINEAR LINEAR LINEAR LINEAR</Name_array><technique_common><accessor source="#jnt_right_leg-Interpolations-array" count="21"><param type="name"/></accessor></technique_common></source><sampler id="jnt_right_leg-Matrix-animation-transform"><input semantic="INPUT" source="#jnt_right_leg-Matrix-animation-input"/><input semantic="OUTPUT" source="#jnt_right_leg-Matrix-animation-output-transform"/><input semantic="INTERPOLATION" source="#jnt_right_leg-Interpolations"/></sampler><channel source="#jnt_right_leg-Matrix-animation-transform" target="jnt_right_leg/matrix"/></animation></animation>
    <animation id="jnt_right_legroll-anim" name="jnt_right_legroll"><animation><source id="jnt_right_legroll-Matrix-animation-input"><float_array id="jnt_right_legroll-Matrix-animation-input-array" count="21">

0.000000 0.033333 0.066667 0.100000 0.133333 0.166667 0.200000 0.233333 0.266667 0.300000 0.333333 0.366667 0.400000 0.433333 0.466667 0.500000
0.533333 0.566667 0.600000 0.633333 0.666667</float_array><technique_common><accessor source="#jnt_right_legroll-Matrix-animation-input-array" count="21"><param name="TIME" type="float"/></accessor></technique_common></source><source id="jnt_right_legroll-Matrix-animation-output-transform"><float_array id="jnt_right_legroll-Matrix-animation-output-transform-array" count="336">

1.000000 0.000000 -0.000000 0.384000 0.000000 0.999998 0.002109 0.000000 0.000000 -0.002109 0.999998 -0.000000 0.000000 0.000000 0.000000 1.000000
1.000000 -0.000000 0.000000 0.384000 0.000000 0.999764 0.021710 0.000000 0.000000 -0.021710 0.999764 0.000000 0.000000 0.000000 0.000000 1.000000
1.000000 0.000000 -0.000000 0.384000 0.000000 0.999590 0.028634 -0.000000 0.000000 -0.028634 0.999590 0.000000 0.000000 0.000000 0.000000 1.000000
1.000000 0.000000 0.000000 0.384000 -0.000000 1.000000 0.000000 -0.000000 0.000000 -0.000000 1.000000 0.000000 0.000000 0.000000 0.000000 1.000000
1.000000 0.000000 -0.000000 0.384000 -0.000000 1.000000 0.000000 -0.000000 0.000000 0.000000 1.000000 -0.000000 0.000000 0.000000 0.000000 1.000000
1.000000 0.000000 -0.000000 0.384000 0.000000 1.000000 -0.000000 -0.000000 0.000000 -0.000000 1.000000 -0.000000 0.000000 0.000000 0.000000 1.000000
1.000000 -0.000000 -0.000000 0.384000 0.000000 1.000000 0.000000 0.000000 0.000000 0.000000 1.000000 0.000000 0.000000 0.000000 0.000000 1.000000
1.000000 -0.000000 0.000000 0.384000 0.000000 1.000000 -0.000000 -0.000000 0.000000 0.000000 1.000000 0.000000 0.000000 0.000000 0.000000 1.000000
1.000000 0.000000 -0.000000 0.384000 0.000000 1.000000 0.000000 -0.000000 0.000000 -0.000000 1.000000 0.000000 0.000000 0.000000 0.000000 1.000000
1.000000 0.000000 -0.000000 0.384000 0.000000 1.000000 0.000000 0.000000 0.000000 0.000000 1.000000 0.000000 0.000000 0.000000 0.000000 1.000000
1.000000 0.000000 0.000000 0.384000 0.000000 1.000000 0.000000 -0.000000 0.000000 0.000000 1.000000 0.000000 0.000000 0.000000 0.000000 1.000000
1.000000 -0.000000 0.000000 0.384000 -0.000000 1.000000 -0.000000 -0.000000 -0.000000 0.000000 1.000000 0.000000 0.000000 0.000000 0.000000 1.000000
1.000000 0.000000 0.000000 0.384000 0.000000 1.000000 -0.000000 0.000000 0.000000 0.000000 1.000000 0.000000 0.000000 0.000000 0.000000 1.000000
1.000000 0.000000 0.000000 0.384000 0.000000 1.000000 -0.000000 -0.000000 -0.000000 0.000000 1.000000 -0.000000 0.000000 0.000000 0.000000 1.000000
1.000000 -0.000000 0.000000 0.384000 -0.000000 1.000000 -0.000000 -0.000000 0.000000 -0.000000 1.000000 -0.000000 0.000000 0.000000 0.000000 1.000000
1.000000 -0.000000 0.000000 0.384000 -0.000000 1.000000 -0.000000 -0.000000 0.000000 0.000000 1.000000 0.000000 0.000000 0.000000 0.000000 1.000000
1.000000 -0.000000 0.000000 0.384000 0.000000 1.000000 0.000000 0.000000 0.000000 0.000000 1.000000 0.000000 0.000000 0.000000 0.000000 1.000000
1.000000 0.000000 0.000000 0.384000 -0.000000 1.000000 -0.000000 0.000000 0.000000 0.000000 1.000000 0.000000 0.000000 0.000000 0.000000 1.000000
1.000000 0.000000 0.000000 0.384000 0.000000 1.000000 -0.000000 0.000000 -0.000000 0.000000 1.000000 -0.000000 0.000000 0.000000 0.000000 1.000000
1.000000 0.000000 -0.000000 0.384000 0.000000 1.000000 -0.000000 0.000000 0.000000 0.000000 1.000000 0.000000 0.000000 0.000000 0.000000 1.000000
1.000000 0.000000 0.000000 0.384000 0.000000 1.000000 0.000000 -0.000000 0.000000 -0.000000 1.000000 -0.000000 0.000000 0.000000 0.000000 1.000000</float_array><technique_common><accessor source="#jnt_right_legroll-Matrix-animation-output-transform-array" count="21" stride="16"><param type="float4x4"/></accessor></technique_common></source><source id="jnt_right_legroll-Interpolations"><Name_array id="jnt_right_legroll-Interpolations-array" count="21">
 LINEAR LINEAR LINEAR LINEAR LINEAR LINEAR LINEAR LINEAR LINEAR LINEAR LINEAR
LINEAR LINEAR LINEAR LINEAR LINEAR LINEAR LINEAR LINEAR LINEAR LINEAR</Name_array><technique_common><accessor source="#jnt_right_legroll-Interpolations-array" count="21"><param type="name"/></accessor></technique_common></source><sampler id="jnt_right_legroll-Matrix-animation-transform"><input semantic="INPUT" source="#jnt_right_legroll-Matrix-animation-input"/><input semantic="OUTPUT" source="#jnt_right_legroll-Matrix-animation-output-transform"/><input semantic="INTERPOLATION" source="#jnt_right_legroll-Interpolations"/></sampler><channel source="#jnt_right_legroll-Matrix-animation-transform" target="jnt_right_legroll/matrix"/></animation></animation>
    <animation id="jnt_right_foot-anim" name="jnt_right_foot"><animation><source id="jnt_right_foot-Matrix-animation-input"><float_array id="jnt_right_foot-Matrix-animation-input-array" count="21">

0.000000 0.033333 0.066667 0.100000 0.133333 0.166667 0.200000 0.233333 0.266667 0.300000 0.333333 0.366667 0.400000 0.433333 0.466667 0.500000
0.533333 0.566667 0.600000 0.633333 0.666667</float_array><technique_common><accessor source="#jnt_right_foot-Matrix-animation-input-array" count="21"><param name="TIME" type="float"/></accessor></technique_common></source><source id="jnt_right_foot-Matrix-animation-output-transform"><float_array id="jnt_right_foot-Matrix-animation-output-transform-array" count="336">

0.393747 -0.883816 0.252652 0.768145 0.918957 0.385036 -0.085240 0.000000 -0.021944 0.265739 0.963795 0.000000 0.000000 0.000000 0.000000 1.000000
0.074191 -0.931361 0.356457 0.768144 0.995318 0.046952 -0.084483 -0.000000 0.061948 0.361056 0.930484 0.000000 0.000000 0.000000 0.000000 1.000000
-0.404391 -0.775487 0.484859 0.768144 0.873931 -0.483949 -0.045138 0.000000 0.269651 0.405480 0.873427 0.000000 0.000000 0.000000 0.000000 1.000000
-0.634551 -0.528457 0.563985 0.768144 0.661402 -0.748827 0.042502 0.000000 0.399866 0.399990 0.824691 0.000000 0.000000 0.000000 0.000000 1.000000
-0.641367 -0.498890 0.582886 0.768145 0.650953 -0.755953 0.069245 0.000000 0.406089 0.423843 0.809598 0.000000 0.000000 0.000000 0.000000 1.000000
-0.607522 -0.544005 0.578770 0.768145 0.685342 -0.727344 0.035734 -0.000000 0.401526 0.418365 0.814707 0.000000 0.000000 0.000000 0.000000 1.000000
-0.552529 -0.616506 0.560921 0.768144 0.735080 -0.677664 -0.020735 0.000000 0.392898 0.400865 0.827610 0.000000 0.000000 0.000000 0.000000 1.000000
-0.501142 -0.675062 0.541432 0.768144 0.775178 -0.628299 -0.065873 -0.000000 0.384650 0.386694 0.838160 0.000000 0.000000 0.000000 0.000000 1.000000
-0.454554 -0.720661 0.523477 0.768145 0.814920 -0.573715 -0.082198 -0.000000 0.359564 0.389229 0.848065 0.000000 0.000000 0.000000 0.000000 1.000000
-0.395873 -0.772098 0.497141 0.768145 0.865029 -0.495248 -0.080336 -0.000000 0.308235 0.398239 0.863943 0.000000 0.000000 0.000000 0.000000 1.000000
-0.331512 -0.820296 0.466062 0.768145 0.910686 -0.407285 -0.069070 0.000000 0.246478 0.401539 0.882052 0.000000 0.000000 0.000000 0.000000 1.000000
-0.268551 -0.859605 0.434694 0.768145 0.943760 -0.325153 -0.059940 -0.000000 0.192867 0.394150 0.898581 0.000000 0.000000 0.000000 0.000000 1.000000
-0.215037 -0.887267 0.408063 0.768145 0.962218 -0.263947 -0.066851 0.000000 0.167022 0.378270 0.910503 0.000000 0.000000 0.000000 0.000000 1.000000
-0.173495 -0.906006 0.386074 0.768145 0.971459 -0.221831 -0.084018 -0.000000 0.161764 0.360478 0.918634 0.000000 0.000000 0.000000 0.000000 1.000000
-0.136949 -0.920076 0.367021 0.768145 0.978142 -0.184131 -0.096612 0.000000 0.156471 0.345768 0.925182 0.000000 0.000000 0.000000 0.000000 1.000000
-0.099471 -0.931154 0.350797 0.768145 0.983569 -0.145391 -0.107026 0.000000 0.150660 0.334387 0.930316 0.000000 0.000000 0.000000 0.000000 1.000000
-0.056632 -0.939867 0.336812 0.768145 0.987913 -0.101509 -0.117151 0.000000 0.144296 0.326106 0.934256 0.000000 0.000000 0.000000 0.000000 1.000000
-0.006418 -0.945993 0.324123 0.768145 0.990447 -0.050661 -0.128248 0.000000 0.137742 0.320204 0.937282 0.000000 0.000000 0.000000 0.000000 1.000000
0.049354 -0.948810 0.311967 0.768145 0.990059 0.005286 -0.140556 -0.000000 0.131712 0.315803 0.939639 0.000000 0.000000 0.000000 0.000000 1.000000
0.101208 -0.948126 0.301355 0.768145 0.986706 0.056946 -0.152213 0.000000 0.127156 0.312754 0.941285 0.000000 0.000000 0.000000 0.000000 1.000000
0.125478 -0.946435 0.297516 0.768145 0.984179 0.080937 -0.157608 0.000000 0.125086 0.312586 0.941618 0.000000 0.000000 0.000000 0.000000 1.000000</float_array><technique_common><accessor source="#jnt_right_foot-Matrix-animation-output-transform-array" count="21" stride="16"><param type="float4x4"/></accessor></technique_common></source><source id="jnt_right_foot-Interpolations"><Name_array id="jnt_right_foot-Interpolations-array" count="21">
 LINEAR LINEAR LINEAR LINEAR LINEAR LINEAR LINEAR LINEAR LINEAR LINEAR LINEAR
LINEAR LINEAR LINEAR LINEAR LINEAR LINEAR LINEAR LINEAR LINEAR LINEAR</Name_array><technique_common><accessor source="#jnt_right_foot-Interpolations-array" count="21"><param type="name"/></accessor></technique_common></source><sampler id="jnt_right_foot-Matrix-animation-transform"><input semantic="INPUT" source="#jnt_right_foot-Matrix-animation-input"/><input semantic="OUTPUT" source="#jnt_right_foot-Matrix-animation-output-transform"/><input semantic="INTERPOLATION" source="#jnt_right_foot-Interpolations"/></sampler><channel source="#jnt_right_foot-Matrix-animation-transform" target="jnt_right_foot/matrix"/></animation></animation>
    <animation id="jnt_right_toebase-anim" name="jnt_right_toebase"><animation><source id="jnt_right_toebase-Matrix-animation-input"><float_array id="jnt_right_toebase-Matrix-animation-input-array" count="21">

0.000000 0.033333 0.066667 0.100000 0.133333 0.166667 0.200000 0.233333 0.266667 0.300000 0.333333 0.366667 0.400000 0.433333 0.466667 0.500000
0.533333 0.566667 0.600000 0.633333 0.666667</float_array><technique_common><accessor source="#jnt_right_toebase-Matrix-animation-input-array" count="21"><param name="TIME" type="float"/></accessor></technique_common></source><source id="jnt_right_toebase-Matrix-animation-output-transform"><float_array id="jnt_right_toebase-Matrix-animation-output-transform-array" count="336">

0.918936 -0.394407 -0.000000 0.441847 0.394407 0.918936 0.000000 -0.000000 0.000000 0.000000 1.000000 0.000000 0.000000 0.000000 0.000000 1.000000
0.917556 -0.397284 -0.016030 0.441847 0.397578 0.917233 0.024799 -0.000000 0.004851 -0.029127 0.999564 0.000000 0.000000 0.000000 0.000000 1.000000
0.914987 -0.400856 -0.045967 0.441848 0.403254 0.912351 0.070719 -0.000000 0.013590 -0.083244 0.996437 0.000000 0.000000 0.000000 0.000000 1.000000
0.914005 -0.400924 -0.062086 0.441847 0.405296 0.909182 0.095513 0.000000 0.018154 -0.112462 0.993490 -0.000000 0.000000 0.000000 0.000000 1.000000
0.915067 -0.398509 -0.061983 0.441847 0.402891 0.910205 0.095949 -0.000000 0.018181 -0.112772 0.993455 0.000000 0.000000 0.000000 0.000000 1.000000
0.916405 -0.395445 -0.061852 0.441847 0.399838 0.911492 0.096501 -0.000000 0.018216 -0.113164 0.993409 0.000000 0.000000 0.000000 0.000000 1.000000
0.917827 -0.392155 -0.061708 0.441847 0.396560 0.912860 0.097092 -0.000000 0.018256 -0.113585 0.993361 -0.000000 0.000000 0.000000 0.000000 1.000000
0.919150 -0.389065 -0.061572 0.441847 0.393482 0.914132 0.097646 -0.000000 0.018294 -0.113979 0.993315 0.000000 0.000000 0.000000 0.000000 1.000000
0.920529 -0.385814 -0.061432 0.441847 0.390243 0.915457 0.098225 0.000000 0.018342 -0.114393 0.993266 0.000000 0.000000 0.000000 0.000000 1.000000
0.922057 -0.382173 -0.061280 0.441847 0.386617 0.916926 0.098868 -0.000000 0.018404 -0.114854 0.993212 0.000000 0.000000 0.000000 0.000000 1.000000
0.923466 -0.378779 -0.061138 0.441847 0.383237 0.918279 0.099465 0.000000 0.018466 -0.115283 0.993161 -0.000000 0.000000 0.000000 0.000000 1.000000
0.924497 -0.376272 -0.061034 0.441847 0.380740 0.919269 0.099904 -0.000000 0.018516 -0.115599 0.993123 0.000000 0.000000 0.000000 0.000000 1.000000
0.924897 -0.375294 -0.060995 0.441847 0.379766 0.919654 0.100075 0.000000 0.018536 -0.115722 0.993109 0.000000 0.000000 0.000000 0.000000 1.000000
0.924662 -0.376271 -0.058484 0.441847 0.380374 0.919863 0.095746 -0.000000 0.017771 -0.110779 0.993686 0.000000 0.000000 0.000000 0.000000 1.000000
0.924035 -0.378781 -0.051818 0.441847 0.381985 0.920311 0.084350 0.000000 0.015738 -0.097736 0.995088 -0.000000 0.000000 0.000000 0.000000 1.000000
0.923126 -0.382165 -0.042275 0.441847 0.384282 0.920687 0.068278 0.000000 0.012829 -0.079275 0.996770 -0.000000 0.000000 0.000000 0.000000 1.000000
0.922054 -0.385803 -0.031172 0.441847 0.386945 0.920751 0.049917 -0.000000 0.009444 -0.058088 0.998267 0.000000 0.000000 0.000000 0.000000 1.000000
0.920947 -0.389179 -0.019902 0.441847 0.389641 0.920423 0.031632 -0.000000 0.006007 -0.036886 0.999301 0.000000 0.000000 0.000000 0.000000 1.000000
0.919952 -0.391904 -0.009937 0.441847 0.392019 0.919822 0.015752 0.000000 0.002967 -0.018386 0.999827 0.000000 0.000000 0.000000 0.000000 1.000000
0.919232 -0.393707 -0.002816 0.441847 0.393716 0.919221 0.004562 -0.000000 0.000792 -0.005302 0.999986 0.000000 0.000000 0.000000 0.000000 1.000000
0.918955 -0.394363 -0.000099 0.441847 0.394363 0.918955 0.000327 -0.000000 -0.000038 -0.000340 1.000000 -0.000000 0.000000 0.000000 0.000000 1.000000</float_array><technique_common><accessor source="#jnt_right_toebase-Matrix-animation-output-transform-array" count="21" stride="16"><param type="float4x4"/></accessor></technique_common></source><source id="jnt_right_toebase-Interpolations"><Name_array id="jnt_right_toebase-Interpolations-array" count="21">
 LINEAR LINEAR LINEAR LINEAR LINEAR LINEAR LINEAR LINEAR LINEAR LINEAR LINEAR
LINEAR LINEAR LINEAR LINEAR LINEAR LINEAR LINEAR LINEAR LINEAR LINEAR</Name_array><technique_common><accessor source="#jnt_right_toebase-Interpolations-array" count="21"><param type="name"/></accessor></technique_common></source><sampler id="jnt_right_toebase-Matrix-animation-transform"><input semantic="INPUT" source="#jnt_right_toebase-Matrix-animation-input"/><input semantic="OUTPUT" source="#jnt_right_toebase-Matrix-animation-output-transform"/><input semantic="INTERPOLATION" source="#jnt_right_toebase-Interpolations"/></sampler><channel source="#jnt_right_toebase-Matrix-animation-transform" target="jnt_right_toebase/matrix"/></animation></animation>
    <animation id="jnt_right_toeend-anim" name="jnt_right_toeend"><animation><source id="jnt_right_toeend-Matrix-animation-input"><float_array id="jnt_right_toeend-Matrix-animation-input-array" count="21">

0.000000 0.033333 0.066667 0.100000 0.133333 0.166667 0.200000 0.233333 0.266667 0.300000 0.333333 0.366667 0.400000 0.433333 0.466667 0.500000
0.533333 0.566667 0.600000 0.633333 0.666667</float_array><technique_common><accessor source="#jnt_right_toeend-Matrix-animation-input-array" count="21"><param name="TIME" type="float"/></accessor></technique_common></source><source id="jnt_right_toeend-Matrix-animation-output-transform"><float_array id="jnt_right_toeend-Matrix-animation-output-transform-array" count="336">

1.000000 0.000000 0.000000 0.379397 0.000000 1.000000 0.000000 0.000000 0.000000 0.000000 1.000000 0.000000 0.000000 0.000000 0.000000 1.000000
1.000000 0.000000 0.000000 0.379397 -0.000000 1.000000 0.000000 0.000000 -0.000000 -0.000000 1.000000 -0.000000 0.000000 0.000000 0.000000 1.000000
1.000000 0.000000 0.000000 0.379397 -0.000000 1.000000 0.000000 0.000000 0.000000 0.000000 1.000000 -0.000000 0.000000 0.000000 0.000000 1.000000
1.000000 0.000000 -0.000000 0.379397 -0.000000 1.000000 0.000000 0.000000 0.000000 0.000000 1.000000 0.000000 0.000000 0.000000 0.000000 1.000000
1.000000 0.000000 0.000000 0.379397 -0.000000 1.000000 0.000000 0.000000 0.000000 0.000000 1.000000 0.000000 0.000000 0.000000 0.000000 1.000000
1.000000 0.000000 0.000000 0.379397 0.000000 1.000000 0.000000 0.000000 -0.000000 -0.000000 1.000000 0.000000 0.000000 0.000000 0.000000 1.000000
1.000000 -0.000000 0.000000 0.379397 0.000000 1.000000 0.000000 0.000000 -0.000000 0.000000 1.000000 -0.000000 0.000000 0.000000 0.000000 1.000000
1.000000 0.000000 0.000000 0.379397 0.000000 1.000000 -0.000000 0.000000 0.000000 0.000000 1.000000 0.000000 0.000000 0.000000 0.000000 1.000000
1.000000 0.000000 -0.000000 0.379397 0.000000 1.000000 0.000000 0.000000 0.000000 0.000000 1.000000 0.000000 0.000000 0.000000 0.000000 1.000000
1.000000 -0.000000 -0.000000 0.379397 -0.000000 1.000000 0.000000 0.000000 -0.000000 0.000000 1.000000 -0.000000 0.000000 0.000000 0.000000 1.000000
1.000000 -0.000000 0.000000 0.379397 -0.000000 1.000000 0.000000 0.000000 0.000000 0.000000 1.000000 -0.000000 0.000000 0.000000 0.000000 1.000000
1.000000 0.000000 -0.000000 0.379397 0.000000 1.000000 -0.000000 0.000000 0.000000 0.000000 1.000000 -0.000000 0.000000 0.000000 0.000000 1.000000
1.000000 0.000000 -0.000000 0.379397 -0.000000 1.000000 -0.000000 0.000000 0.000000 0.000000 1.000000 -0.000000 0.000000 0.000000 0.000000 1.000000
1.000000 -0.000000 0.000000 0.379397 0.000000 1.000000 -0.000000 0.000000 -0.000000 -0.000000 1.000000 0.000000 0.000000 0.000000 0.000000 1.000000
1.000000 0.000000 0.000000 0.379397 -0.000000 1.000000 -0.000000 0.000000 0.000000 0.000000 1.000000 -0.000000 0.000000 0.000000 0.000000 1.000000
1.000000 -0.000000 -0.000000 0.379397 0.000000 1.000000 -0.000000 0.000000 0.000000 0.000000 1.000000 -0.000000 0.000000 0.000000 0.000000 1.000000
1.000000 -0.000000 0.000000 0.379397 -0.000000 1.000000 0.000000 0.000000 -0.000000 -0.000000 1.000000 -0.000000 0.000000 0.000000 0.000000 1.000000
1.000000 -0.000000 0.000000 0.379397 -0.000000 1.000000 0.000000 0.000000 0.000000 0.000000 1.000000 0.000000 0.000000 0.000000 0.000000 1.000000
1.000000 0.000000 0.000000 0.379397 -0.000000 1.000000 0.000000 0.000000 0.000000 0.000000 1.000000 -0.000000 0.000000 0.000000 0.000000 1.000000
1.000000 0.000000 -0.000000 0.379397 -0.000000 1.000000 0.000000 0.000000 -0.000000 -0.000000 1.000000 0.000000 0.000000 0.000000 0.000000 1.000000
1.000000 0.000000 0.000000 0.379397 0.000000 1.000000 -0.000000 0.000000 -0.000000 0.000000 1.000000 0.000000 0.000000 0.000000 0.000000 1.000000</float_array><technique_common><accessor source="#jnt_right_toeend-Matrix-animation-output-transform-array" count="21" stride="16"><param type="float4x4"/></accessor></technique_common></source><source id="jnt_right_toeend-Interpolations"><Name_array id="jnt_right_toeend-Interpolations-array" count="21">
 LINEAR LINEAR LINEAR LINEAR LINEAR LINEAR LINEAR LINEAR LINEAR LINEAR LINEAR
LINEAR LINEAR LINEAR LINEAR LINEAR LINEAR LINEAR LINEAR LINEAR LINEAR</Name_array><technique_common><accessor source="#jnt_right_toeend-Interpolations-array" count="21"><param type="name"/></accessor></technique_common></source><sampler id="jnt_right_toeend-Matrix-animation-transform"><input semantic="INPUT" source="#jnt_right_toeend-Matrix-animation-input"/><input semantic="OUTPUT" source="#jnt_right_toeend-Matrix-animation-output-transform"/><input semantic="INTERPOLATION" source="#jnt_right_toeend-Interpolations"/></sampler><channel source="#jnt_right_toeend-Matrix-animation-transform" target="jnt_right_toeend/matrix"/></animation></animation>
    <animation id="jnt_left_upleg-anim" name="jnt_left_upleg"><animation><source id="jnt_left_upleg-Matrix-animation-input"><float_array id="jnt_left_upleg-Matrix-animation-input-array" count="21">

0.000000 0.033333 0.066667 0.100000 0.133333 0.166667 0.200000 0.233333 0.266667 0.300000 0.333333 0.366667 0.400000 0.433333 0.466667 0.500000
