<?xml version="1.0" encoding="utf-8"?>
<COLLADA xmlns="http://www.collada.org/2005/11/COLLADASchema" version="1.4.1">
  <asset><contributor><author></author><authoring_tool>FBX COLLADA exporter</authoring_tool><comments></comments></contributor><created>2018-04-26T10:13:50Z</created><keywords></keywords><modified>2018-04-26T10:13:50Z</modified><revision></revision><subject></subject><title></title><unit meter="0.010000" name="centimeter"></unit><up_axis>Y_UP</up_axis></asset>
  <library_animations>
    <animation id="jnt_hips-anim" name="jnt_hips"><animation><source id="jnt_hips-Matrix-animation-input"><float_array id="jnt_hips-Matrix-animation-input-array" count="241">

0.000000 0.033333 0.066667 0.100000 0.133333 0.166667 0.200000 0.233333 0.266667 0.300000 0.333333 0.366667 0.400000 0.433333 0.466667 0.500000
0.533333 0.566667 0.600000 0.633333 0.666667 0.700000 0.733333 0.766667 0.800000 0.833333 0.866667 0.900000 0.933333 0.966667 1.000000 1.033333
1.066667 1.100000 1.133333 1.166667 1.200000 1.233333 1.266667 1.300000 1.333333 1.366667 1.400000 1.433333 1.466667 1.500000 1.533333 1.566667
1.600000 1.633333 1.666667 1.700000 1.733333 1.766667 1.800000 1.833333 1.866667 1.900000 1.933333 1.966667 2.000000 2.033333 2.066667 2.100000
2.133333 2.166667 2.200000 2.233333 2.266667 2.300000 2.333333 2.366667 2.400000 2.433333 2.466667 2.500000 2.533333 2.566667 2.600000 2.633333
2.666667 2.700000 2.733333 2.766667 2.800000 2.833333 2.866667 2.900000 2.933333 2.966667 3.000000 3.033333 3.066667 3.100000 3.133333 3.166667
3.200000 3.233333 3.266667 3.300000 3.333333 3.366667 3.400000 3.433333 3.466667 3.500000 3.533333 3.566667 3.600000 3.633333 3.666667 3.700000
3.733333 3.766667 3.800000 3.833333 3.866667 3.900000 3.933333 3.966667 4.000000 4.033333 4.066667 4.100000 4.133333 4.166667 4.200000 4.233333
4.266667 4.300000 4.333333 4.366667 4.400000 4.433333 4.466667 4.500000 4.533333 4.566667 4.600000 4.633333 4.666667 4.700000 4.733333 4.766667
4.800000 4.833333 4.866667 4.900000 4.933333 4.966667 5.000000 5.033333 5.066667 5.100000 5.133333 5.166667 5.200000 5.233333 5.266667 5.300000
5.333333 5.366667 5.400000 5.433333 5.466667 5.500000 5.533333 5.566667 5.600000 5.633333 5.666667 5.700000 5.733333 5.766667 5.800000 5.833333
5.866667 5.900000 5.933333 5.966667 6.000000 6.033333 6.066667 6.100000 6.133333 6.166667 6.200000 6.233333 6.266667 6.300000 6.333333 6.366667
6.400000 6.433333 6.466667 6.500000 6.533333 6.566667 6.600000 6.633333 6.666667 6.700000 6.733333 6.766667 6.800000 6.833333 6.866667 6.900000
6.933333 6.966667 7.000000 7.033333 7.066667 7.100000 7.133333 7.166667 7.200000 7.233333 7.266667 7.300000 7.333333 7.366667 7.400000 7.433333
7.466667 7.500000 7.533333 7.566667 7.600000 7.633333 7.666667 7.700000 7.733333 7.766667 7.800000 7.833333 7.866667 7.900000 7.933333 7.966667
8.000000</float_array><technique_common><accessor source="#jnt_hips-Matrix-animation-input-array" count="241"><param name="TIME" type="float"/></accessor></technique_common></source><source id="jnt_hips-Matrix-animation-output-transform"><float_array id="jnt_hips-Matrix-animation-output-transform-array" count="3856">

0.961461 -0.010974 -0.274722 0.005652 -0.002571 0.998800 -0.048898 1.940699 0.274930 0.047720 0.960279 -0.246250 0.000000 0.000000 0.000000 1.000000
0.961459 -0.011020 -0.274726 0.005647 -0.002524 0.998801 -0.048898 1.940695 0.274935 0.047707 0.960278 -0.246251 0.000000 0.000000 0.000000 1.000000
0.961458 -0.011069 -0.274730 0.005641 -0.002473 0.998801 -0.048898 1.940682 0.274942 0.047693 0.960277 -0.246253 0.000000 0.000000 0.000000 1.000000
0.961456 -0.011121 -0.274734 0.005636 -0.002419 0.998801 -0.048898 1.940661 0.274949 0.047678 0.960276 -0.246254 0.000000 0.000000 0.000000 1.000000
0.961454 -0.011176 -0.274739 0.005630 -0.002362 0.998801 -0.048898 1.940631 0.274956 0.047662 0.960275 -0.246256 0.000000 0.000000 0.000000 1.000000
0.961452 -0.011234 -0.274743 0.005624 -0.002303 0.998801 -0.048898 1.940593 0.274963 0.047646 0.960274 -0.246258 0.000000 0.000000 0.000000 1.000000
0.961450 -0.011294 -0.274748 0.005617 -0.002241 0.998801 -0.048898 1.940547 0.274971 0.047628 0.960272 -0.246260 0.000000 0.000000 0.000000 1.000000
0.961448 -0.011357 -0.274753 0.005611 -0.002175 0.998801 -0.048898 1.940494 0.274979 0.047611 0.960271 -0.246262 0.000000 0.000000 0.000000 1.000000
0.961446 -0.011422 -0.274758 0.005603 -0.002108 0.998802 -0.048898 1.940432 0.274987 0.047592 0.960269 -0.246264 0.000000 0.000000 0.000000 1.000000
0.961443 -0.011490 -0.274763 0.005596 -0.002037 0.998802 -0.048898 1.940364 0.274996 0.047572 0.960268 -0.246266 0.000000 0.000000 0.000000 1.000000
0.961441 -0.011561 -0.274769 0.005589 -0.001964 0.998802 -0.048898 1.940287 0.275005 0.047552 0.960266 -0.246268 0.000000 0.000000 0.000000 1.000000
0.961438 -0.011634 -0.274775 0.005581 -0.001889 0.998802 -0.048898 1.940203 0.275015 0.047531 0.960264 -0.246270 0.000000 0.000000 0.000000 1.000000
0.961436 -0.011709 -0.274781 0.005572 -0.001811 0.998802 -0.048898 1.940113 0.275024 0.047510 0.960263 -0.246272 0.000000 0.000000 0.000000 1.000000
0.961433 -0.011787 -0.274787 0.005564 -0.001731 0.998802 -0.048898 1.940015 0.275034 0.047488 0.960261 -0.246275 0.000000 0.000000 0.000000 1.000000
0.961430 -0.011866 -0.274793 0.005556 -0.001648 0.998802 -0.048898 1.939910 0.275045 0.047465 0.960259 -0.246277 0.000000 0.000000 0.000000 1.000000
0.961427 -0.011948 -0.274800 0.005547 -0.001563 0.998803 -0.048898 1.939799 0.275055 0.047442 0.960257 -0.246280 0.000000 0.000000 0.000000 1.000000
0.961424 -0.012033 -0.274807 0.005538 -0.001476 0.998803 -0.048898 1.939681 0.275066 0.047418 0.960255 -0.246282 0.000000 0.000000 0.000000 1.000000
0.961421 -0.012119 -0.274813 0.005528 -0.001387 0.998803 -0.048898 1.939556 0.275077 0.047393 0.960253 -0.246285 0.000000 0.000000 0.000000 1.000000
0.961418 -0.012207 -0.274820 0.005519 -0.001296 0.998803 -0.048898 1.939426 0.275088 0.047368 0.960251 -0.246288 0.000000 0.000000 0.000000 1.000000
0.961415 -0.012297 -0.274828 0.005509 -0.001202 0.998803 -0.048898 1.939289 0.275100 0.047342 0.960249 -0.246290 0.000000 0.000000 0.000000 1.000000
0.961412 -0.012390 -0.274835 0.005499 -0.001107 0.998803 -0.048898 1.939146 0.275112 0.047316 0.960247 -0.246293 0.000000 0.000000 0.000000 1.000000
0.961408 -0.012484 -0.274842 0.005489 -0.001010 0.998803 -0.048898 1.938998 0.275124 0.047289 0.960245 -0.246296 0.000000 0.000000 0.000000 1.000000
0.961405 -0.012580 -0.274850 0.005479 -0.000910 0.998803 -0.048898 1.938843 0.275136 0.047261 0.960243 -0.246299 0.000000 0.000000 0.000000 1.000000
0.961401 -0.012677 -0.274858 0.005468 -0.000809 0.998803 -0.048898 1.938684 0.275149 0.047233 0.960241 -0.246302 0.000000 0.000000 0.000000 1.000000
0.961398 -0.012776 -0.274866 0.005458 -0.000707 0.998804 -0.048898 1.938519 0.275162 0.047205 0.960238 -0.246305 0.000000 0.000000 0.000000 1.000000
0.961394 -0.012877 -0.274874 0.005447 -0.000602 0.998804 -0.048898 1.938348 0.275175 0.047176 0.960236 -0.246308 0.000000 0.000000 0.000000 1.000000
0.961390 -0.012980 -0.274882 0.005436 -0.000496 0.998804 -0.048899 1.938173 0.275188 0.047147 0.960234 -0.246312 0.000000 0.000000 0.000000 1.000000
0.961387 -0.013084 -0.274890 0.005424 -0.000388 0.998804 -0.048899 1.937992 0.275201 0.047117 0.960231 -0.246315 0.000000 0.000000 0.000000 1.000000
0.961383 -0.013189 -0.274899 0.005413 -0.000279 0.998804 -0.048899 1.937807 0.275215 0.047087 0.960229 -0.246318 0.000000 0.000000 0.000000 1.000000
0.961379 -0.013296 -0.274907 0.005401 -0.000169 0.998804 -0.048899 1.937617 0.275228 0.047056 0.960227 -0.246321 0.000000 0.000000 0.000000 1.000000
0.961375 -0.013405 -0.274916 0.005390 -0.000057 0.998804 -0.048899 1.937423 0.275242 0.047026 0.960224 -0.246325 0.000000 0.000000 0.000000 1.000000
0.961371 -0.013514 -0.274924 0.005378 0.000057 0.998804 -0.048899 1.937224 0.275256 0.046994 0.960222 -0.246328 0.000000 0.000000 0.000000 1.000000
0.961367 -0.013625 -0.274933 0.005366 0.000172 0.998804 -0.048899 1.937021 0.275271 0.046963 0.960219 -0.246331 0.000000 0.000000 0.000000 1.000000
0.961363 -0.013737 -0.274942 0.005354 0.000287 0.998804 -0.048899 1.936814 0.275285 0.046931 0.960217 -0.246335 0.000000 0.000000 0.000000 1.000000
0.961358 -0.013850 -0.274951 0.005342 0.000405 0.998804 -0.048899 1.936603 0.275299 0.046898 0.960214 -0.246338 0.000000 0.000000 0.000000 1.000000
0.961354 -0.013965 -0.274960 0.005329 0.000523 0.998804 -0.048899 1.936388 0.275314 0.046865 0.960211 -0.246342 0.000000 0.000000 0.000000 1.000000
0.961350 -0.014080 -0.274969 0.005317 0.000642 0.998804 -0.048899 1.936170 0.275329 0.046833 0.960209 -0.246345 0.000000 0.000000 0.000000 1.000000
0.961346 -0.014196 -0.274979 0.005304 0.000762 0.998803 -0.048899 1.935948 0.275344 0.046799 0.960206 -0.246349 0.000000 0.000000 0.000000 1.000000
0.961341 -0.014313 -0.274988 0.005292 0.000884 0.998803 -0.048899 1.935723 0.275359 0.046766 0.960203 -0.246353 0.000000 0.000000 0.000000 1.000000
0.961337 -0.014431 -0.274997 0.005279 0.001006 0.998803 -0.048899 1.935494 0.275374 0.046732 0.960201 -0.246356 0.000000 0.000000 0.000000 1.000000
0.961332 -0.014550 -0.275007 0.005266 0.001129 0.998803 -0.048899 1.935262 0.275389 0.046698 0.960198 -0.246360 0.000000 0.000000 0.000000 1.000000
0.961328 -0.014670 -0.275016 0.005253 0.001252 0.998803 -0.048899 1.935028 0.275404 0.046664 0.960195 -0.246364 0.000000 0.000000 0.000000 1.000000
0.961323 -0.014790 -0.275026 0.005240 0.001377 0.998803 -0.048899 1.934791 0.275420 0.046629 0.960193 -0.246367 0.000000 0.000000 0.000000 1.000000
0.961318 -0.014911 -0.275035 0.005227 0.001502 0.998803 -0.048899 1.934551 0.275435 0.046595 0.960190 -0.246371 0.000000 0.000000 0.000000 1.000000
0.961314 -0.015032 -0.275045 0.005214 0.001628 0.998802 -0.048900 1.934309 0.275451 0.046560 0.960187 -0.246375 0.000000 0.000000 0.000000 1.000000
0.961309 -0.015154 -0.275055 0.005201 0.001754 0.998802 -0.048900 1.934064 0.275466 0.046525 0.960184 -0.246378 0.000000 0.000000 0.000000 1.000000
0.961304 -0.015277 -0.275064 0.005188 0.001880 0.998802 -0.048900 1.933817 0.275482 0.046490 0.960181 -0.246382 0.000000 0.000000 0.000000 1.000000
0.961300 -0.015399 -0.275074 0.005175 0.002008 0.998802 -0.048900 1.933568 0.275498 0.046455 0.960179 -0.246386 0.000000 0.000000 0.000000 1.000000
0.961295 -0.015523 -0.275084 0.005161 0.002135 0.998801 -0.048900 1.933317 0.275513 0.046420 0.960176 -0.246390 0.000000 0.000000 0.000000 1.000000
0.961290 -0.015646 -0.275094 0.005148 0.002263 0.998801 -0.048900 1.933065 0.275529 0.046385 0.960173 -0.246394 0.000000 0.000000 0.000000 1.000000
0.961285 -0.015770 -0.275104 0.005135 0.002391 0.998801 -0.048900 1.932811 0.275545 0.046349 0.960170 -0.246397 0.000000 0.000000 0.000000 1.000000
0.961280 -0.015894 -0.275113 0.005121 0.002519 0.998800 -0.048900 1.932555 0.275561 0.046314 0.960167 -0.246401 0.000000 0.000000 0.000000 1.000000
0.961275 -0.016018 -0.275123 0.005108 0.002648 0.998800 -0.048900 1.932298 0.275577 0.046278 0.960165 -0.246405 0.000000 0.000000 0.000000 1.000000
0.961271 -0.016142 -0.275133 0.005095 0.002776 0.998800 -0.048900 1.932040 0.275592 0.046243 0.960162 -0.246409 0.000000 0.000000 0.000000 1.000000
0.961266 -0.016266 -0.275143 0.005081 0.002904 0.998799 -0.048900 1.931781 0.275608 0.046207 0.960159 -0.246413 0.000000 0.000000 0.000000 1.000000
0.961261 -0.016390 -0.275153 0.005068 0.003033 0.998799 -0.048900 1.931521 0.275624 0.046172 0.960156 -0.246417 0.000000 0.000000 0.000000 1.000000
0.961256 -0.016514 -0.275163 0.005055 0.003161 0.998799 -0.048901 1.931260 0.275640 0.046136 0.960153 -0.246420 0.000000 0.000000 0.000000 1.000000
0.961251 -0.016638 -0.275173 0.005041 0.003289 0.998798 -0.048901 1.930999 0.275656 0.046101 0.960150 -0.246424 0.000000 0.000000 0.000000 1.000000
0.961246 -0.016762 -0.275182 0.005028 0.003417 0.998798 -0.048901 1.930737 0.275671 0.046065 0.960148 -0.246428 0.000000 0.000000 0.000000 1.000000
0.961241 -0.016885 -0.275192 0.005015 0.003545 0.998797 -0.048901 1.930475 0.275687 0.046030 0.960145 -0.246432 0.000000 0.000000 0.000000 1.000000
0.961236 -0.017008 -0.275202 0.005001 0.003672 0.998797 -0.048901 1.930213 0.275703 0.045995 0.960142 -0.246436 0.000000 0.000000 0.000000 1.000000
0.961231 -0.017131 -0.275212 0.004988 0.003799 0.998796 -0.048901 1.929951 0.275718 0.045959 0.960139 -0.246439 0.000000 0.000000 0.000000 1.000000
0.961226 -0.017253 -0.275222 0.004975 0.003926 0.998796 -0.048901 1.929689 0.275734 0.045924 0.960136 -0.246443 0.000000 0.000000 0.000000 1.000000
0.961221 -0.017375 -0.275231 0.004962 0.004052 0.998795 -0.048901 1.929427 0.275749 0.045890 0.960134 -0.246447 0.000000 0.000000 0.000000 1.000000
0.961216 -0.017496 -0.275241 0.004949 0.004178 0.998795 -0.048901 1.929165 0.275765 0.045855 0.960131 -0.246451 0.000000 0.000000 0.000000 1.000000
0.961211 -0.017617 -0.275250 0.004936 0.004302 0.998794 -0.048901 1.928905 0.275780 0.045820 0.960128 -0.246454 0.000000 0.000000 0.000000 1.000000
0.961206 -0.017737 -0.275260 0.004923 0.004427 0.998794 -0.048901 1.928645 0.275795 0.045786 0.960125 -0.246458 0.000000 0.000000 0.000000 1.000000
0.961201 -0.017856 -0.275270 0.004910 0.004550 0.998793 -0.048902 1.928386 0.275811 0.045752 0.960123 -0.246462 0.000000 0.000000 0.000000 1.000000
0.961196 -0.017975 -0.275279 0.004897 0.004673 0.998793 -0.048902 1.928128 0.275826 0.045718 0.960120 -0.246466 0.000000 0.000000 0.000000 1.000000
0.961191 -0.018092 -0.275288 0.004884 0.004795 0.998792 -0.048902 1.927871 0.275841 0.045684 0.960117 -0.246469 0.000000 0.000000 0.000000 1.000000
0.961187 -0.018209 -0.275298 0.004872 0.004915 0.998791 -0.048902 1.927615 0.275855 0.045651 0.960114 -0.246473 0.000000 0.000000 0.000000 1.000000
0.961182 -0.018325 -0.275307 0.004859 0.005035 0.998791 -0.048902 1.927361 0.275870 0.045617 0.960112 -0.246476 0.000000 0.000000 0.000000 1.000000
0.961177 -0.018440 -0.275316 0.004847 0.005154 0.998790 -0.048902 1.927108 0.275885 0.045584 0.960109 -0.246480 0.000000 0.000000 0.000000 1.000000
0.961172 -0.018554 -0.275325 0.004835 0.005272 0.998790 -0.048902 1.926857 0.275899 0.045552 0.960107 -0.246483 0.000000 0.000000 0.000000 1.000000
0.961167 -0.018667 -0.275334 0.004823 0.005389 0.998789 -0.048902 1.926609 0.275913 0.045520 0.960104 -0.246487 0.000000 0.000000 0.000000 1.000000
0.961163 -0.018778 -0.275343 0.004811 0.005504 0.998788 -0.048902 1.926361 0.275928 0.045488 0.960101 -0.246490 0.000000 0.000000 0.000000 1.000000
0.961158 -0.018889 -0.275352 0.004799 0.005619 0.998788 -0.048902 1.926117 0.275942 0.045456 0.960099 -0.246494 0.000000 0.000000 0.000000 1.000000
0.961153 -0.018998 -0.275360 0.004787 0.005732 0.998787 -0.048903 1.925874 0.275955 0.045425 0.960096 -0.246497 0.000000 0.000000 0.000000 1.000000
0.961149 -0.019106 -0.275369 0.004775 0.005843 0.998786 -0.048903 1.925635 0.275969 0.045394 0.960094 -0.246500 0.000000 0.000000 0.000000 1.000000
0.961144 -0.019212 -0.275377 0.004764 0.005953 0.998786 -0.048903 1.925397 0.275982 0.045363 0.960092 -0.246504 0.000000 0.000000 0.000000 1.000000
0.961140 -0.019317 -0.275386 0.004753 0.006062 0.998785 -0.048903 1.925163 0.275996 0.045333 0.960089 -0.246507 0.000000 0.000000 0.000000 1.000000
0.961135 -0.019421 -0.275394 0.004741 0.006169 0.998784 -0.048903 1.924931 0.276009 0.045303 0.960087 -0.246510 0.000000 0.000000 0.000000 1.000000
0.961131 -0.019523 -0.275402 0.004730 0.006275 0.998784 -0.048903 1.924702 0.276022 0.045274 0.960084 -0.246513 0.000000 0.000000 0.000000 1.000000
0.961127 -0.019623 -0.275410 0.004720 0.006379 0.998783 -0.048903 1.924477 0.276034 0.045245 0.960082 -0.246516 0.000000 0.000000 0.000000 1.000000
0.961122 -0.019722 -0.275418 0.004709 0.006481 0.998782 -0.048903 1.924255 0.276047 0.045217 0.960080 -0.246519 0.000000 0.000000 0.000000 1.000000
0.961118 -0.019819 -0.275426 0.004698 0.006581 0.998782 -0.048903 1.924037 0.276059 0.045189 0.960078 -0.246522 0.000000 0.000000 0.000000 1.000000
0.961114 -0.019914 -0.275433 0.004688 0.006680 0.998781 -0.048903 1.923822 0.276071 0.045162 0.960076 -0.246525 0.000000 0.000000 0.000000 1.000000
0.961110 -0.020007 -0.275441 0.004678 0.006776 0.998781 -0.048904 1.923611 0.276083 0.045135 0.960073 -0.246528 0.000000 0.000000 0.000000 1.000000
0.961106 -0.020099 -0.275448 0.004668 0.006871 0.998780 -0.048904 1.923404 0.276095 0.045109 0.960071 -0.246531 0.000000 0.000000 0.000000 1.000000
0.961102 -0.020188 -0.275455 0.004659 0.006964 0.998779 -0.048904 1.923200 0.276106 0.045083 0.960069 -0.246534 0.000000 0.000000 0.000000 1.000000
0.961098 -0.020276 -0.275462 0.004649 0.007055 0.998779 -0.048904 1.923002 0.276117 0.045058 0.960067 -0.246537 0.000000 0.000000 0.000000 1.000000
0.961094 -0.020362 -0.275469 0.004640 0.007143 0.998778 -0.048904 1.922807 0.276128 0.045034 0.960065 -0.246539 0.000000 0.000000 0.000000 1.000000
0.961091 -0.020445 -0.275475 0.004631 0.007229 0.998777 -0.048904 1.922617 0.276138 0.045010 0.960063 -0.246542 0.000000 0.000000 0.000000 1.000000
0.961087 -0.020526 -0.275482 0.004622 0.007314 0.998777 -0.048904 1.922432 0.276149 0.044986 0.960062 -0.246544 0.000000 0.000000 0.000000 1.000000
0.961084 -0.020605 -0.275488 0.004614 0.007395 0.998776 -0.048904 1.922251 0.276159 0.044964 0.960060 -0.246547 0.000000 0.000000 0.000000 1.000000
0.961080 -0.020682 -0.275494 0.004605 0.007475 0.998775 -0.048904 1.922076 0.276168 0.044942 0.960058 -0.246549 0.000000 0.000000 0.000000 1.000000
0.961077 -0.020757 -0.275500 0.004597 0.007552 0.998775 -0.048904 1.921905 0.276178 0.044920 0.960056 -0.246551 0.000000 0.000000 0.000000 1.000000
0.961074 -0.020829 -0.275506 0.004590 0.007627 0.998774 -0.048904 1.921740 0.276187 0.044900 0.960055 -0.246554 0.000000 0.000000 0.000000 1.000000
0.961071 -0.020898 -0.275511 0.004582 0.007699 0.998774 -0.048905 1.921581 0.276196 0.044880 0.960053 -0.246556 0.000000 0.000000 0.000000 1.000000
0.961068 -0.020965 -0.275517 0.004575 0.007768 0.998773 -0.048905 1.921426 0.276204 0.044860 0.960052 -0.246558 0.000000 0.000000 0.000000 1.000000
0.961065 -0.021030 -0.275522 0.004568 0.007835 0.998773 -0.048905 1.921278 0.276212 0.044842 0.960050 -0.246560 0.000000 0.000000 0.000000 1.000000
0.961062 -0.021092 -0.275527 0.004561 0.007899 0.998772 -0.048905 1.921135 0.276220 0.044824 0.960049 -0.246562 0.000000 0.000000 0.000000 1.000000
0.961059 -0.021151 -0.275531 0.004555 0.007961 0.998772 -0.048905 1.920998 0.276227 0.044807 0.960047 -0.246564 0.000000 0.000000 0.000000 1.000000
0.961057 -0.021208 -0.275536 0.004549 0.008019 0.998771 -0.048905 1.920867 0.276235 0.044791 0.960046 -0.246565 0.000000 0.000000 0.000000 1.000000
0.961054 -0.021262 -0.275540 0.004543 0.008075 0.998771 -0.048905 1.920743 0.276241 0.044775 0.960045 -0.246567 0.000000 0.000000 0.000000 1.000000
0.961052 -0.021313 -0.275544 0.004537 0.008128 0.998770 -0.048905 1.920625 0.276248 0.044761 0.960044 -0.246569 0.000000 0.000000 0.000000 1.000000
0.961050 -0.021361 -0.275548 0.004532 0.008177 0.998770 -0.048905 1.920514 0.276254 0.044747 0.960042 -0.246570 0.000000 0.000000 0.000000 1.000000
0.961048 -0.021406 -0.275552 0.004527 0.008224 0.998770 -0.048905 1.920409 0.276260 0.044734 0.960041 -0.246572 0.000000 0.000000 0.000000 1.000000
0.961046 -0.021448 -0.275555 0.004523 0.008268 0.998769 -0.048905 1.920311 0.276265 0.044722 0.960040 -0.246573 0.000000 0.000000 0.000000 1.000000
0.961044 -0.021487 -0.275558 0.004519 0.008308 0.998769 -0.048905 1.920220 0.276270 0.044711 0.960040 -0.246574 0.000000 0.000000 0.000000 1.000000
0.961043 -0.021523 -0.275561 0.004515 0.008346 0.998769 -0.048905 1.920136 0.276274 0.044700 0.960039 -0.246575 0.000000 0.000000 0.000000 1.000000
0.961041 -0.021556 -0.275564 0.004511 0.008380 0.998768 -0.048905 1.920060 0.276278 0.044691 0.960038 -0.246576 0.000000 0.000000 0.000000 1.000000
0.961040 -0.021586 -0.275566 0.004508 0.008410 0.998768 -0.048905 1.919991 0.276282 0.044682 0.960037 -0.246577 0.000000 0.000000 0.000000 1.000000
0.961039 -0.021612 -0.275568 0.004505 0.008438 0.998768 -0.048905 1.919929 0.276286 0.044675 0.960037 -0.246578 0.000000 0.000000 0.000000 1.000000
0.961038 -0.021635 -0.275570 0.004503 0.008461 0.998768 -0.048905 1.919875 0.276288 0.044668 0.960036 -0.246579 0.000000 0.000000 0.000000 1.000000
0.961037 -0.021655 -0.275571 0.004501 0.008482 0.998767 -0.048905 1.919830 0.276291 0.044663 0.960036 -0.246579 0.000000 0.000000 0.000000 1.000000
0.961036 -0.021671 -0.275573 0.004499 0.008499 0.998767 -0.048905 1.919792 0.276293 0.044658 0.960035 -0.246580 0.000000 0.000000 0.000000 1.000000
0.961035 -0.021684 -0.275574 0.004497 0.008512 0.998767 -0.048905 1.919762 0.276295 0.044654 0.960035 -0.246580 0.000000 0.000000 0.000000 1.000000
0.961035 -0.021693 -0.275574 0.004496 0.008521 0.998767 -0.048905 1.919741 0.276296 0.044652 0.960035 -0.246580 0.000000 0.000000 0.000000 1.000000
0.961035 -0.021698 -0.275575 0.004496 0.008527 0.998767 -0.048905 1.919728 0.276296 0.044650 0.960035 -0.246581 0.000000 0.000000 0.000000 1.000000
0.961035 -0.021700 -0.275575 0.004496 0.008529 0.998767 -0.048905 1.919723 0.276297 0.044650 0.960035 -0.246581 0.000000 0.000000 0.000000 1.000000
0.961035 -0.021698 -0.275575 0.004496 0.008527 0.998767 -0.048905 1.919728 0.276296 0.044650 0.960035 -0.246581 0.000000 0.000000 0.000000 1.000000
0.961035 -0.021693 -0.275574 0.004496 0.008521 0.998767 -0.048905 1.919741 0.276296 0.044652 0.960035 -0.246580 0.000000 0.000000 0.000000 1.000000
0.961035 -0.021684 -0.275574 0.004497 0.008512 0.998767 -0.048905 1.919762 0.276295 0.044654 0.960035 -0.246580 0.000000 0.000000 0.000000 1.000000
0.961036 -0.021671 -0.275573 0.004499 0.008499 0.998767 -0.048905 1.919792 0.276293 0.044658 0.960035 -0.246580 0.000000 0.000000 0.000000 1.000000
0.961037 -0.021655 -0.275571 0.004501 0.008482 0.998767 -0.048905 1.919830 0.276291 0.044662 0.960036 -0.246579 0.000000 0.000000 0.000000 1.000000
0.961038 -0.021635 -0.275570 0.004503 0.008461 0.998768 -0.048905 1.919876 0.276288 0.044668 0.960036 -0.246579 0.000000 0.000000 0.000000 1.000000
0.961039 -0.021612 -0.275568 0.004505 0.008438 0.998768 -0.048905 1.919929 0.276286 0.044675 0.960037 -0.246578 0.000000 0.000000 0.000000 1.000000
0.961040 -0.021586 -0.275566 0.004508 0.008410 0.998768 -0.048905 1.919991 0.276282 0.044682 0.960037 -0.246577 0.000000 0.000000 0.000000 1.000000
0.961041 -0.021556 -0.275564 0.004511 0.008380 0.998768 -0.048905 1.920060 0.276278 0.044691 0.960038 -0.246576 0.000000 0.000000 0.000000 1.000000
0.961043 -0.021523 -0.275561 0.004515 0.008346 0.998769 -0.048905 1.920136 0.276274 0.044700 0.960039 -0.246575 0.000000 0.000000 0.000000 1.000000
0.961044 -0.021487 -0.275558 0.004519 0.008308 0.998769 -0.048905 1.920220 0.276270 0.044711 0.960040 -0.246574 0.000000 0.000000 0.000000 1.000000
0.961046 -0.021448 -0.275555 0.004523 0.008268 0.998769 -0.048905 1.920311 0.276265 0.044722 0.960040 -0.246573 0.000000 0.000000 0.000000 1.000000
0.961048 -0.021406 -0.275552 0.004527 0.008224 0.998770 -0.048905 1.920409 0.276260 0.044734 0.960041 -0.246572 0.000000 0.000000 0.000000 1.000000
0.961050 -0.021361 -0.275548 0.004532 0.008177 0.998770 -0.048905 1.920514 0.276254 0.044747 0.960042 -0.246570 0.000000 0.000000 0.000000 1.000000
0.961052 -0.021313 -0.275544 0.004537 0.008128 0.998770 -0.048905 1.920625 0.276248 0.044761 0.960044 -0.246569 0.000000 0.000000 0.000000 1.000000
0.961054 -0.021262 -0.275540 0.004543 0.008075 0.998771 -0.048905 1.920743 0.276241 0.044775 0.960045 -0.246567 0.000000 0.000000 0.000000 1.000000
0.961057 -0.021208 -0.275536 0.004549 0.008019 0.998771 -0.048905 1.920867 0.276235 0.044791 0.960046 -0.246565 0.000000 0.000000 0.000000 1.000000
0.961059 -0.021151 -0.275531 0.004555 0.007961 0.998772 -0.048905 1.920998 0.276227 0.044807 0.960047 -0.246564 0.000000 0.000000 0.000000 1.000000
0.961062 -0.021092 -0.275527 0.004561 0.007899 0.998772 -0.048905 1.921135 0.276220 0.044824 0.960049 -0.246562 0.000000 0.000000 0.000000 1.000000
0.961065 -0.021030 -0.275522 0.004568 0.007835 0.998773 -0.048905 1.921278 0.276212 0.044842 0.960050 -0.246560 0.000000 0.000000 0.000000 1.000000
0.961068 -0.020965 -0.275517 0.004575 0.007768 0.998773 -0.048905 1.921426 0.276204 0.044860 0.960051 -0.246558 0.000000 0.000000 0.000000 1.000000
0.961071 -0.020898 -0.275511 0.004582 0.007699 0.998774 -0.048905 1.921580 0.276196 0.044880 0.960053 -0.246556 0.000000 0.000000 0.000000 1.000000
0.961074 -0.020829 -0.275506 0.004590 0.007627 0.998774 -0.048904 1.921740 0.276187 0.044900 0.960055 -0.246554 0.000000 0.000000 0.000000 1.000000
0.961077 -0.020757 -0.275500 0.004597 0.007552 0.998775 -0.048904 1.921905 0.276178 0.044920 0.960056 -0.246551 0.000000 0.000000 0.000000 1.000000
0.961080 -0.020682 -0.275494 0.004605 0.007475 0.998775 -0.048904 1.922076 0.276168 0.044942 0.960058 -0.246549 0.000000 0.000000 0.000000 1.000000
0.961084 -0.020605 -0.275488 0.004614 0.007395 0.998776 -0.048904 1.922251 0.276159 0.044964 0.960060 -0.246547 0.000000 0.000000 0.000000 1.000000
0.961087 -0.020526 -0.275482 0.004622 0.007314 0.998777 -0.048904 1.922432 0.276149 0.044986 0.960062 -0.246544 0.000000 0.000000 0.000000 1.000000
0.961091 -0.020445 -0.275475 0.004631 0.007229 0.998777 -0.048904 1.922617 0.276138 0.045010 0.960063 -0.246542 0.000000 0.000000 0.000000 1.000000
0.961094 -0.020362 -0.275469 0.004640 0.007143 0.998778 -0.048904 1.922807 0.276128 0.045034 0.960065 -0.246539 0.000000 0.000000 0.000000 1.000000
0.961098 -0.020276 -0.275462 0.004649 0.007055 0.998779 -0.048904 1.923002 0.276117 0.045058 0.960067 -0.246537 0.000000 0.000000 0.000000 1.000000
0.961102 -0.020188 -0.275455 0.004659 0.006964 0.998779 -0.048904 1.923200 0.276106 0.045083 0.960069 -0.246534 0.000000 0.000000 0.000000 1.000000
0.961106 -0.020099 -0.275448 0.004668 0.006871 0.998780 -0.048904 1.923404 0.276095 0.045109 0.960071 -0.246531 0.000000 0.000000 0.000000 1.000000
0.961110 -0.020007 -0.275441 0.004678 0.006776 0.998781 -0.048904 1.923611 0.276083 0.045135 0.960073 -0.246528 0.000000 0.000000 0.000000 1.000000
0.961114 -0.019914 -0.275433 0.004688 0.006680 0.998781 -0.048903 1.923822 0.276071 0.045162 0.960076 -0.246525 0.000000 0.000000 0.000000 1.000000
0.961118 -0.019819 -0.275426 0.004698 0.006581 0.998782 -0.048903 1.924037 0.276059 0.045189 0.960078 -0.246522 0.000000 0.000000 0.000000 1.000000
0.961122 -0.019722 -0.275418 0.004709 0.006481 0.998782 -0.048903 1.924255 0.276047 0.045217 0.960080 -0.246520 0.000000 0.000000 0.000000 1.000000
0.961127 -0.019623 -0.275410 0.004720 0.006379 0.998783 -0.048903 1.924477 0.276034 0.045245 0.960082 -0.246516 0.000000 0.000000 0.000000 1.000000
0.961131 -0.019523 -0.275402 0.004730 0.006275 0.998784 -0.048903 1.924703 0.276022 0.045274 0.960084 -0.246513 0.000000 0.000000 0.000000 1.000000
0.961135 -0.019421 -0.275394 0.004741 0.006169 0.998784 -0.048903 1.924931 0.276009 0.045303 0.960087 -0.246510 0.000000 0.000000 0.000000 1.000000
0.961140 -0.019317 -0.275386 0.004752 0.006062 0.998785 -0.048903 1.925163 0.275996 0.045333 0.960089 -0.246507 0.000000 0.000000 0.000000 1.000000
0.961144 -0.019212 -0.275377 0.004764 0.005953 0.998786 -0.048903 1.925397 0.275982 0.045363 0.960092 -0.246504 0.000000 0.000000 0.000000 1.000000
0.961149 -0.019106 -0.275369 0.004775 0.005843 0.998786 -0.048903 1.925635 0.275969 0.045394 0.960094 -0.246500 0.000000 0.000000 0.000000 1.000000
0.961153 -0.018998 -0.275360 0.004787 0.005732 0.998787 -0.048903 1.925874 0.275955 0.045425 0.960096 -0.246497 0.000000 0.000000 0.000000 1.000000
0.961158 -0.018889 -0.275352 0.004799 0.005619 0.998788 -0.048902 1.926117 0.275942 0.045456 0.960099 -0.246494 0.000000 0.000000 0.000000 1.000000
0.961163 -0.018778 -0.275343 0.004811 0.005504 0.998788 -0.048902 1.926362 0.275928 0.045488 0.960101 -0.246490 0.000000 0.000000 0.000000 1.000000
0.961167 -0.018667 -0.275334 0.004823 0.005389 0.998789 -0.048902 1.926608 0.275913 0.045520 0.960104 -0.246487 0.000000 0.000000 0.000000 1.000000
0.961172 -0.018554 -0.275325 0.004835 0.005272 0.998790 -0.048902 1.926857 0.275899 0.045552 0.960107 -0.246483 0.000000 0.000000 0.000000 1.000000
0.961177 -0.018440 -0.275316 0.004847 0.005154 0.998790 -0.048902 1.927108 0.275885 0.045584 0.960109 -0.246480 0.000000 0.000000 0.000000 1.000000
0.961182 -0.018325 -0.275307 0.004859 0.005035 0.998791 -0.048902 1.927361 0.275870 0.045617 0.960112 -0.246476 0.000000 0.000000 0.000000 1.000000
0.961187 -0.018209 -0.275298 0.004872 0.004915 0.998791 -0.048902 1.927615 0.275855 0.045651 0.960114 -0.246473 0.000000 0.000000 0.000000 1.000000
0.961191 -0.018092 -0.275288 0.004885 0.004795 0.998792 -0.048902 1.927871 0.275841 0.045684 0.960117 -0.246469 0.000000 0.000000 0.000000 1.000000
0.961196 -0.017975 -0.275279 0.004897 0.004673 0.998793 -0.048902 1.928128 0.275826 0.045718 0.960120 -0.246466 0.000000 0.000000 0.000000 1.000000
0.961201 -0.017856 -0.275270 0.004910 0.004550 0.998793 -0.048902 1.928386 0.275811 0.045752 0.960123 -0.246462 0.000000 0.000000 0.000000 1.000000
0.961206 -0.017737 -0.275260 0.004923 0.004427 0.998794 -0.048901 1.928645 0.275795 0.045786 0.960125 -0.246458 0.000000 0.000000 0.000000 1.000000
0.961211 -0.017617 -0.275250 0.004936 0.004302 0.998794 -0.048901 1.928905 0.275780 0.045820 0.960128 -0.246454 0.000000 0.000000 0.000000 1.000000
0.961216 -0.017496 -0.275241 0.004949 0.004178 0.998795 -0.048901 1.929165 0.275765 0.045855 0.960131 -0.246451 0.000000 0.000000 0.000000 1.000000
0.961221 -0.017375 -0.275231 0.004962 0.004052 0.998795 -0.048901 1.929427 0.275749 0.045890 0.960134 -0.246447 0.000000 0.000000 0.000000 1.000000
0.961226 -0.017253 -0.275222 0.004975 0.003926 0.998796 -0.048901 1.929689 0.275734 0.045924 0.960136 -0.246443 0.000000 0.000000 0.000000 1.000000
0.961231 -0.017131 -0.275212 0.004988 0.003799 0.998796 -0.048901 1.929951 0.275718 0.045959 0.960139 -0.246439 0.000000 0.000000 0.000000 1.000000
0.961236 -0.017008 -0.275202 0.005001 0.003672 0.998797 -0.048901 1.930213 0.275703 0.045995 0.960142 -0.246436 0.000000 0.000000 0.000000 1.000000
0.961241 -0.016885 -0.275192 0.005015 0.003545 0.998797 -0.048901 1.930475 0.275687 0.046030 0.960145 -0.246432 0.000000 0.000000 0.000000 1.000000
0.961246 -0.016762 -0.275182 0.005028 0.003417 0.998798 -0.048901 1.930737 0.275671 0.046065 0.960148 -0.246428 0.000000 0.000000 0.000000 1.000000
0.961251 -0.016638 -0.275173 0.005041 0.003289 0.998798 -0.048901 1.930999 0.275656 0.046101 0.960150 -0.246424 0.000000 0.000000 0.000000 1.000000
0.961256 -0.016514 -0.275163 0.005055 0.003161 0.998799 -0.048901 1.931260 0.275640 0.046136 0.960153 -0.246420 0.000000 0.000000 0.000000 1.000000
0.961261 -0.016390 -0.275153 0.005068 0.003033 0.998799 -0.048900 1.931521 0.275624 0.046172 0.960156 -0.246417 0.000000 0.000000 0.000000 1.000000
0.961266 -0.016266 -0.275143 0.005081 0.002904 0.998799 -0.048900 1.931781 0.275608 0.046207 0.960159 -0.246413 0.000000 0.000000 0.000000 1.000000
0.961271 -0.016142 -0.275133 0.005095 0.002776 0.998800 -0.048900 1.932040 0.275592 0.046243 0.960162 -0.246409 0.000000 0.000000 0.000000 1.000000
0.961275 -0.016018 -0.275123 0.005108 0.002648 0.998800 -0.048900 1.932298 0.275577 0.046278 0.960165 -0.246405 0.000000 0.000000 0.000000 1.000000
0.961280 -0.015894 -0.275113 0.005121 0.002519 0.998800 -0.048900 1.932555 0.275561 0.046314 0.960167 -0.246401 0.000000 0.000000 0.000000 1.000000
0.961285 -0.015770 -0.275104 0.005135 0.002391 0.998801 -0.048900 1.932811 0.275545 0.046349 0.960170 -0.246397 0.000000 0.000000 0.000000 1.000000
0.961290 -0.015646 -0.275094 0.005148 0.002263 0.998801 -0.048900 1.933065 0.275529 0.046385 0.960173 -0.246394 0.000000 0.000000 0.000000 1.000000
0.961295 -0.015523 -0.275084 0.005161 0.002135 0.998801 -0.048900 1.933317 0.275513 0.046420 0.960176 -0.246390 0.000000 0.000000 0.000000 1.000000
0.961300 -0.015399 -0.275074 0.005175 0.002008 0.998802 -0.048900 1.933568 0.275498 0.046455 0.960179 -0.246386 0.000000 0.000000 0.000000 1.000000
0.961304 -0.015277 -0.275064 0.005188 0.001880 0.998802 -0.048900 1.933817 0.275482 0.046490 0.960181 -0.246382 0.000000 0.000000 0.000000 1.000000
0.961309 -0.015154 -0.275055 0.005201 0.001754 0.998802 -0.048900 1.934064 0.275466 0.046525 0.960184 -0.246378 0.000000 0.000000 0.000000 1.000000
0.961314 -0.015032 -0.275045 0.005214 0.001628 0.998802 -0.048900 1.934309 0.275451 0.046560 0.960187 -0.246375 0.000000 0.000000 0.000000 1.000000
0.961318 -0.014911 -0.275035 0.005227 0.001502 0.998803 -0.048899 1.934551 0.275435 0.046595 0.960190 -0.246371 0.000000 0.000000 0.000000 1.000000
0.961323 -0.014790 -0.275026 0.005240 0.001377 0.998803 -0.048899 1.934791 0.275420 0.046629 0.960193 -0.246367 0.000000 0.000000 0.000000 1.000000
0.961328 -0.014670 -0.275016 0.005253 0.001252 0.998803 -0.048899 1.935028 0.275404 0.046664 0.960195 -0.246364 0.000000 0.000000 0.000000 1.000000
0.961332 -0.014550 -0.275007 0.005266 0.001129 0.998803 -0.048899 1.935263 0.275389 0.046698 0.960198 -0.246360 0.000000 0.000000 0.000000 1.000000
0.961337 -0.014431 -0.274997 0.005279 0.001006 0.998803 -0.048899 1.935494 0.275374 0.046732 0.960201 -0.246356 0.000000 0.000000 0.000000 1.000000
0.961341 -0.014313 -0.274988 0.005292 0.000884 0.998803 -0.048899 1.935723 0.275359 0.046766 0.960203 -0.246353 0.000000 0.000000 0.000000 1.000000
0.961346 -0.014196 -0.274979 0.005304 0.000762 0.998803 -0.048899 1.935948 0.275344 0.046799 0.960206 -0.246349 0.000000 0.000000 0.000000 1.000000
0.961350 -0.014080 -0.274969 0.005317 0.000642 0.998804 -0.048899 1.936170 0.275329 0.046833 0.960209 -0.246345 0.000000 0.000000 0.000000 1.000000
0.961354 -0.013965 -0.274960 0.005329 0.000523 0.998804 -0.048899 1.936388 0.275314 0.046865 0.960211 -0.246342 0.000000 0.000000 0.000000 1.000000
0.961358 -0.013850 -0.274951 0.005342 0.000405 0.998804 -0.048899 1.936603 0.275299 0.046898 0.960214 -0.246338 0.000000 0.000000 0.000000 1.000000
0.961363 -0.013737 -0.274942 0.005354 0.000287 0.998804 -0.048899 1.936814 0.275285 0.046930 0.960217 -0.246335 0.000000 0.000000 0.000000 1.000000
0.961367 -0.013625 -0.274933 0.005366 0.000172 0.998804 -0.048899 1.937021 0.275271 0.046963 0.960219 -0.246331 0.000000 0.000000 0.000000 1.000000
0.961371 -0.013514 -0.274924 0.005378 0.000057 0.998804 -0.048899 1.937224 0.275256 0.046994 0.960222 -0.246328 0.000000 0.000000 0.000000 1.000000
0.961375 -0.013405 -0.274916 0.005390 -0.000057 0.998804 -0.048899 1.937423 0.275242 0.047026 0.960224 -0.246325 0.000000 0.000000 0.000000 1.000000
0.961379 -0.013296 -0.274907 0.005401 -0.000169 0.998804 -0.048899 1.937617 0.275228 0.047056 0.960227 -0.246321 0.000000 0.000000 0.000000 1.000000
0.961383 -0.013189 -0.274899 0.005413 -0.000279 0.998804 -0.048899 1.937807 0.275215 0.047087 0.960229 -0.246318 0.000000 0.000000 0.000000 1.000000
0.961387 -0.013084 -0.274890 0.005424 -0.000388 0.998804 -0.048899 1.937992 0.275201 0.047117 0.960231 -0.246315 0.000000 0.000000 0.000000 1.000000
0.961390 -0.012980 -0.274882 0.005436 -0.000496 0.998804 -0.048899 1.938173 0.275188 0.047147 0.960234 -0.246311 0.000000 0.000000 0.000000 1.000000
0.961394 -0.012877 -0.274874 0.005447 -0.000602 0.998804 -0.048898 1.938348 0.275175 0.047176 0.960236 -0.246308 0.000000 0.000000 0.000000 1.000000
0.961398 -0.012776 -0.274866 0.005457 -0.000707 0.998804 -0.048898 1.938519 0.275162 0.047205 0.960238 -0.246305 0.000000 0.000000 0.000000 1.000000
0.961401 -0.012677 -0.274858 0.005468 -0.000809 0.998803 -0.048898 1.938684 0.275149 0.047233 0.960241 -0.246302 0.000000 0.000000 0.000000 1.000000
0.961405 -0.012580 -0.274850 0.005479 -0.000910 0.998803 -0.048898 1.938843 0.275136 0.047261 0.960243 -0.246299 0.000000 0.000000 0.000000 1.000000
0.961408 -0.012484 -0.274842 0.005489 -0.001010 0.998803 -0.048898 1.938998 0.275124 0.047289 0.960245 -0.246296 0.000000 0.000000 0.000000 1.000000
0.961412 -0.012390 -0.274835 0.005499 -0.001107 0.998803 -0.048898 1.939146 0.275112 0.047316 0.960247 -0.246293 0.000000 0.000000 0.000000 1.000000
0.961415 -0.012297 -0.274828 0.005509 -0.001202 0.998803 -0.048898 1.939289 0.275100 0.047342 0.960249 -0.246290 0.000000 0.000000 0.000000 1.000000
0.961418 -0.012207 -0.274820 0.005519 -0.001296 0.998803 -0.048898 1.939426 0.275088 0.047368 0.960251 -0.246288 0.000000 0.000000 0.000000 1.000000
0.961421 -0.012119 -0.274813 0.005528 -0.001387 0.998803 -0.048898 1.939556 0.275077 0.047393 0.960253 -0.246285 0.000000 0.000000 0.000000 1.000000
0.961424 -0.012033 -0.274807 0.005538 -0.001476 0.998803 -0.048898 1.939681 0.275066 0.047418 0.960255 -0.246282 0.000000 0.000000 0.000000 1.000000
0.961427 -0.011948 -0.274800 0.005547 -0.001563 0.998803 -0.048898 1.939798 0.275055 0.047442 0.960257 -0.246280 0.000000 0.000000 0.000000 1.000000
0.961430 -0.011866 -0.274793 0.005556 -0.001648 0.998802 -0.048898 1.939910 0.275045 0.047465 0.960259 -0.246277 0.000000 0.000000 0.000000 1.000000
0.961433 -0.011787 -0.274787 0.005564 -0.001731 0.998802 -0.048898 1.940015 0.275034 0.047488 0.960261 -0.246275 0.000000 0.000000 0.000000 1.000000
0.961436 -0.011709 -0.274781 0.005573 -0.001811 0.998802 -0.048898 1.940112 0.275024 0.047510 0.960263 -0.246272 0.000000 0.000000 0.000000 1.000000
0.961438 -0.011634 -0.274775 0.005581 -0.001889 0.998802 -0.048898 1.940203 0.275015 0.047531 0.960264 -0.246270 0.000000 0.000000 0.000000 1.000000
0.961441 -0.011561 -0.274769 0.005588 -0.001964 0.998802 -0.048898 1.940287 0.275005 0.047552 0.960266 -0.246268 0.000000 0.000000 0.000000 1.000000
0.961443 -0.011490 -0.274763 0.005596 -0.002037 0.998802 -0.048898 1.940364 0.274996 0.047572 0.960268 -0.246266 0.000000 0.000000 0.000000 1.000000
0.961446 -0.011422 -0.274758 0.005603 -0.002108 0.998802 -0.048898 1.940432 0.274987 0.047592 0.960269 -0.246264 0.000000 0.000000 0.000000 1.000000
0.961448 -0.011357 -0.274753 0.005610 -0.002175 0.998801 -0.048898 1.940494 0.274979 0.047611 0.960271 -0.246261 0.000000 0.000000 0.000000 1.000000
0.961450 -0.011294 -0.274748 0.005617 -0.002241 0.998801 -0.048898 1.940547 0.274971 0.047628 0.960272 -0.246260 0.000000 0.000000 0.000000 1.000000
0.961452 -0.011234 -0.274743 0.005624 -0.002303 0.998801 -0.048898 1.940593 0.274963 0.047646 0.960274 -0.246258 0.000000 0.000000 0.000000 1.000000
0.961454 -0.011176 -0.274739 0.005630 -0.002362 0.998801 -0.048898 1.940631 0.274956 0.047662 0.960275 -0.246256 0.000000 0.000000 0.000000 1.000000
0.961456 -0.011121 -0.274734 0.005636 -0.002419 0.998801 -0.048898 1.940661 0.274949 0.047678 0.960276 -0.246254 0.000000 0.000000 0.000000 1.000000
0.961458 -0.011069 -0.274730 0.005641 -0.002473 0.998801 -0.048898 1.940682 0.274942 0.047693 0.960277 -0.246253 0.000000 0.000000 0.000000 1.000000
0.961459 -0.011020 -0.274726 0.005647 -0.002524 0.998801 -0.048898 1.940695 0.274935 0.047707 0.960278 -0.246251 0.000000 0.000000 0.000000 1.000000
0.961461 -0.010974 -0.274722 0.005652 -0.002571 0.998800 -0.048898 1.940699 0.274930 0.047720 0.960279 -0.246250 0.000000 0.000000 0.000000 1.000000</float_array><technique_common><accessor source="#jnt_hips-Matrix-animation-output-transform-array" count="241" stride="16"><param type="float4x4"/></accessor></technique_common></source><source id="jnt_hips-Interpolations"><Name_array id="jnt_hips-Interpolations-array" count="241">
 LINEAR LINEAR LINEAR LINEAR LINEAR LINEAR LINEAR LINEAR LINEAR LINEAR LINEAR
LINEAR LINEAR LINEAR LINEAR LINEAR LINEAR LINEAR LINEAR LINEAR LINEAR LINEAR LINEAR
LINEAR LINEAR LINEAR LINEAR LINEAR LINEAR LINEAR LINEAR LINEAR LINEAR LINEAR LINEAR
LINEAR LINEAR LINEAR LINEAR LINEAR LINEAR LINEAR LINEAR LINEAR LINEAR LINEAR LINEAR
LINEAR LINEAR LINEAR LINEAR LINEAR LINEAR LINEAR LINEAR LINEAR LINEAR LINEAR LINEAR
LINEAR LINEAR LINEAR LINEAR LINEAR LINEAR LINEAR LINEAR LINEAR LINEAR LINEAR LINEAR
LINEAR LINEAR LINEAR LINEAR LINEAR LINEAR LINEAR LINEAR LINEAR LINEAR LINEAR LINEAR
LINEAR LINEAR LINEAR LINEAR LINEAR LINEAR LINEAR LINEAR LINEAR LINEAR LINEAR LINEAR
LINEAR LINEAR LINEAR LINEAR LINEAR LINEAR LINEAR LINEAR LINEAR LINEAR LINEAR LINEAR
