<?xml version="1.0" encoding="utf-8"?>
<COLLADA xmlns="http://www.collada.org/2005/11/COLLADASchema" version="1.4.1">
  <asset><contributor><author></author><authoring_tool>FBX COLLADA exporter</authoring_tool><comments></comments></contributor><created>2018-04-24T10:57:19Z</created><keywords></keywords><modified>2018-04-24T10:57:19Z</modified><revision></revision><subject></subject><title></title><unit meter="0.010000" name="centimeter"></unit><up_axis>Y_UP</up_axis></asset>
  <library_animations>
    <animation id="jnt_hips-anim" name="jnt_hips"><animation><source id="jnt_hips-Matrix-animation-input"><float_array id="jnt_hips-Matrix-animation-input-array" count="19">

0.000000 0.033333 0.066667 0.100000 0.133333 0.166667 0.200000 0.233333 0.266667 0.300000 0.333333 0.366667 0.400000 0.433333 0.466667 0.500000
0.533333 0.566667 0.600000</float_array><technique_common><accessor source="#jnt_hips-Matrix-animation-input-array" count="19"><param name="TIME" type="float"/></accessor></technique_common></source><source id="jnt_hips-Matrix-animation-output-transform"><float_array id="jnt_hips-Matrix-animation-output-transform-array" count="304">

0.998535 0.015752 -0.051760 -0.024407 -0.006153 0.983534 0.180616 1.750390 0.053753 -0.180033 0.982191 -0.133086 0.000000 0.000000 0.000000 1.000000
0.996740 0.021656 -0.077724 -0.022801 -0.008151 0.985404 0.170039 1.956736 0.080272 -0.168851 0.982367 -0.129279 0.000000 0.000000 0.000000 1.000000
0.993625 -0.024307 -0.110084 -0.021355 0.041454 0.986845 0.156262 2.108679 0.104837 -0.159829 0.981562 -0.129719 0.000000 0.000000 0.000000 1.000000
0.990901 -0.064287 -0.118245 -0.013298 0.082677 0.983993 0.157865 2.196211 0.106203 -0.166205 0.980355 -0.129648 0.000000 0.000000 0.000000 1.000000
0.994401 -0.056129 -0.089536 -0.007091 0.071556 0.981123 0.179662 2.113659 0.077762 -0.185063 0.979645 -0.127852 0.000000 0.000000 0.000000 1.000000
0.999212 -0.023829 -0.031732 -0.005461 0.030178 0.975549 0.217700 1.868577 0.025768 -0.218486 0.975500 -0.127284 0.000000 0.000000 0.000000 1.000000
0.999604 0.010491 0.026128 0.000573 -0.016724 0.967788 0.251210 1.666107 -0.022651 -0.251547 0.967580 -0.130436 0.000000 0.000000 0.000000 1.000000
0.997907 0.032894 0.055674 0.014049 -0.045902 0.966754 0.251553 1.560124 -0.045548 -0.253582 0.966241 -0.138692 0.000000 0.000000 0.000000 1.000000
0.998673 0.016441 0.048797 0.031150 -0.026639 0.975948 0.216370 1.589889 -0.044066 -0.217383 0.975091 -0.145776 0.000000 0.000000 0.000000 1.000000
0.998243 -0.022653 0.054753 0.031949 0.012450 0.983594 0.179969 1.784431 -0.057932 -0.178971 0.982147 -0.146932 0.000000 0.000000 0.000000 1.000000
0.996673 -0.033272 0.074407 0.022404 0.020434 0.985732 0.167079 1.962960 -0.078904 -0.165003 0.983132 -0.139629 0.000000 0.000000 0.000000 1.000000
0.994592 0.034071 0.098110 0.014023 -0.049781 0.985465 0.162423 2.120137 -0.091150 -0.166428 0.981832 -0.123064 0.000000 0.000000 0.000000 1.000000
0.992357 0.081830 0.092367 0.003089 -0.097056 0.979828 0.174689 2.203753 -0.076210 -0.182319 0.980282 -0.112651 0.000000 0.000000 0.000000 1.000000
0.995097 0.074602 0.064929 -0.005174 -0.086447 0.975020 0.204605 2.099577 -0.048043 -0.209215 0.976689 -0.109447 0.000000 0.000000 0.000000 1.000000
0.998046 0.059040 0.020437 -0.007528 -0.062194 0.969951 0.235218 1.864817 -0.005935 -0.236030 0.971728 -0.106002 0.000000 0.000000 0.000000 1.000000
0.999208 0.037206 -0.014081 -0.006438 -0.032347 0.965906 0.256865 1.677180 0.023158 -0.256206 0.966345 -0.105450 0.000000 0.000000 0.000000 1.000000
0.999714 0.003846 -0.023613 -0.014874 0.002284 0.967138 0.254242 1.541921 0.023815 -0.254223 0.966852 -0.112049 0.000000 0.000000 0.000000 1.000000
0.999494 -0.001350 -0.031795 -0.023639 0.008226 0.976104 0.217147 1.558316 0.030742 -0.217299 0.975621 -0.126367 0.000000 0.000000 0.000000 1.000000
0.998549 0.015989 -0.051428 -0.024376 -0.006436 0.983496 0.180813 1.748701 0.053470 -0.180219 0.982172 -0.133115 0.000000 0.000000 0.000000 1.000000</float_array><technique_common><accessor source="#jnt_hips-Matrix-animation-output-transform-array" count="19" stride="16"><param type="float4x4"/></accessor></technique_common></source><source id="jnt_hips-Interpolations"><Name_array id="jnt_hips-Interpolations-array" count="19">
 LINEAR LINEAR LINEAR LINEAR LINEAR LINEAR LINEAR LINEAR LINEAR LINEAR LINEAR
LINEAR LINEAR LINEAR LINEAR LINEAR LINEAR LINEAR LINEAR</Name_array><technique_common><accessor source="#jnt_hips-Interpolations-array" count="19"><param type="name"/></accessor></technique_common></source><sampler id="jnt_hips-Matrix-animation-transform"><input semantic="INPUT" source="#jnt_hips-Matrix-animation-input"/><input semantic="OUTPUT" source="#jnt_hips-Matrix-animation-output-transform"/><input semantic="INTERPOLATION" source="#jnt_hips-Interpolations"/></sampler><channel source="#jnt_hips-Matrix-animation-transform" target="jnt_hips/matrix"/></animation></animation>
    <animation id="jnt_right_upleg-anim" name="jnt_right_upleg"><animation><source id="jnt_right_upleg-Matrix-animation-input"><float_array id="jnt_right_upleg-Matrix-animation-input-array" count="19">

0.000000 0.033333 0.066667 0.100000 0.133333 0.166667 0.200000 0.233333 0.266667 0.300000 0.333333 0.366667 0.400000 0.433333 0.466667 0.500000
0.533333 0.566667 0.600000</float_array><technique_common><accessor source="#jnt_right_upleg-Matrix-animation-input-array" count="19"><param name="TIME" type="float"/></accessor></technique_common></source><source id="jnt_right_upleg-Matrix-animation-output-transform"><float_array id="jnt_right_upleg-Matrix-animation-output-transform-array" count="304">

-0.158148 -0.176666 -0.971483 -0.446779 -0.985108 0.095459 0.143006 -0.111214 0.067473 0.979631 -0.189131 0.043020 0.000000 0.000000 0.000000 1.000000
-0.120080 -0.151682 -0.981108 -0.446780 -0.992599 0.000322 0.121436 -0.111214 -0.018104 0.988429 -0.150598 0.043020 0.000000 0.000000 0.000000 1.000000
-0.168488 -0.156353 -0.973224 -0.446780 -0.985633 0.038546 0.164443 -0.111214 0.011803 0.986949 -0.160602 0.043020 0.000000 0.000000 0.000000 1.000000
-0.187834 -0.232231 -0.954352 -0.446780 -0.981781 0.072783 0.175522 -0.111214 0.028699 0.969934 -0.241671 0.043020 0.000000 0.000000 0.000000 1.000000
-0.112018 -0.276153 -0.954564 -0.446780 -0.993353 0.056745 0.100154 -0.111214 0.026509 0.959437 -0.280674 0.043020 0.000000 0.000000 0.000000 1.000000
0.000896 -0.277264 -0.960793 -0.446780 -0.991224 0.126759 -0.037504 -0.111214 0.132188 0.952395 -0.274717 0.043020 0.000000 0.000000 0.000000 1.000000
0.050404 -0.364025 -0.930024 -0.446779 -0.934281 0.311907 -0.172720 -0.111214 0.352956 0.877610 -0.324380 0.043020 0.000000 0.000000 0.000000 1.000000
0.010020 -0.436077 -0.899854 -0.446780 -0.755443 0.586286 -0.292531 -0.111214 0.655137 0.682720 -0.323557 0.043020 0.000000 0.000000 0.000000 1.000000
-0.067996 -0.397506 -0.915077 -0.446780 -0.640810 0.720394 -0.265320 -0.111214 0.764682 0.568350 -0.303709 0.043020 0.000000 0.000000 0.000000 1.000000
-0.037018 -0.355896 -0.933792 -0.446780 -0.637831 0.727754 -0.252084 -0.111214 0.769286 0.586270 -0.253942 0.043020 0.000000 0.000000 0.000000 1.000000
-0.053069 -0.331236 -0.942054 -0.446780 -0.658462 0.720843 -0.216363 -0.111214 0.750741 0.608825 -0.256361 0.043020 0.000000 0.000000 0.000000 1.000000
-0.016630 -0.293207 -0.955904 -0.446780 -0.756138 0.629215 -0.179846 -0.111214 0.654201 0.719804 -0.232169 0.043020 0.000000 0.000000 0.000000 1.000000
0.046825 -0.346267 -0.936967 -0.446780 -0.881356 0.427140 -0.201901 -0.111214 0.470127 0.835255 -0.285184 0.043020 0.000000 0.000000 0.000000 1.000000
0.001009 -0.397188 -0.917737 -0.446779 -0.929630 0.337806 -0.147222 -0.111214 0.368492 0.853304 -0.368897 0.043020 0.000000 0.000000 0.000000 1.000000
-0.101831 -0.442505 -0.890966 -0.446780 -0.918422 0.385979 -0.086730 -0.111214 0.382272 0.809450 -0.445711 0.043020 0.000000 0.000000 0.000000 1.000000
-0.197770 -0.442499 -0.874689 -0.446780 -0.933073 0.358464 0.029627 -0.111214 0.300435 0.822009 -0.483777 0.043020 0.000000 0.000000 0.000000 1.000000
-0.258457 -0.351993 -0.899611 -0.446780 -0.954239 0.238039 0.181013 -0.111214 0.150427 0.905228 -0.397409 0.043020 0.000000 0.000000 0.000000 1.000000
-0.223784 -0.258877 -0.939630 -0.446780 -0.974289 0.085236 0.208555 -0.111214 0.026100 0.962142 -0.271295 0.043020 0.000000 0.000000 0.000000 1.000000
-0.158212 -0.176588 -0.971486 -0.446780 -0.985087 0.095611 0.143048 -0.111214 0.067624 0.979630 -0.189082 0.043020 0.000000 0.000000 0.000000 1.000000</float_array><technique_common><accessor source="#jnt_right_upleg-Matrix-animation-output-transform-array" count="19" stride="16"><param type="float4x4"/></accessor></technique_common></source><source id="jnt_right_upleg-Interpolations"><Name_array id="jnt_right_upleg-Interpolations-array" count="19">
 LINEAR LINEAR LINEAR LINEAR LINEAR LINEAR LINEAR LINEAR LINEAR LINEAR LINEAR
LINEAR LINEAR LINEAR LINEAR LINEAR LINEAR LINEAR LINEAR</Name_array><technique_common><accessor source="#jnt_right_upleg-Interpolations-array" count="19"><param type="name"/></accessor></technique_common></source><sampler id="jnt_right_upleg-Matrix-animation-transform"><input semantic="INPUT" source="#jnt_right_upleg-Matrix-animation-input"/><input semantic="OUTPUT" source="#jnt_right_upleg-Matrix-animation-output-transform"/><input semantic="INTERPOLATION" source="#jnt_right_upleg-Interpolations"/></sampler><channel source="#jnt_right_upleg-Matrix-animation-transform" target="jnt_right_upleg/matrix"/></animation></animation>
    <animation id="jnt_right_uplegroll-anim" name="jnt_right_uplegroll"><animation><source id="jnt_right_uplegroll-Matrix-animation-input"><float_array id="jnt_right_uplegroll-Matrix-animation-input-array" count="19">

0.000000 0.033333 0.066667 0.100000 0.133333 0.166667 0.200000 0.233333 0.266667 0.300000 0.333333 0.366667 0.400000 0.433333 0.466667 0.500000
0.533333 0.566667 0.600000</float_array><technique_common><accessor source="#jnt_right_uplegroll-Matrix-animation-input-array" count="19"><param name="TIME" type="float"/></accessor></technique_common></source><source id="jnt_right_uplegroll-Matrix-animation-output-transform"><float_array id="jnt_right_uplegroll-Matrix-animation-output-transform-array" count="304">

1.000000 0.000000 -0.000000 0.430000 -0.000000 1.000000 0.000000 0.000000 -0.000000 0.000000 1.000000 0.000000 0.000000 0.000000 0.000000 1.000000
1.000000 -0.000000 0.000000 0.430000 -0.000000 1.000000 0.000000 -0.000000 0.000000 0.000000 1.000000 -0.000000 0.000000 0.000000 0.000000 1.000000
1.000000 0.000000 0.000000 0.430000 -0.000000 1.000000 0.000000 0.000000 0.000000 -0.000000 1.000000 0.000000 0.000000 0.000000 0.000000 1.000000
1.000000 -0.000000 0.000000 0.430000 0.000000 1.000000 -0.000000 0.000000 0.000000 0.000000 1.000000 -0.000000 0.000000 0.000000 0.000000 1.000000
1.000000 -0.000000 0.000000 0.430000 -0.000000 1.000000 0.000000 -0.000000 0.000000 0.000000 1.000000 0.000000 0.000000 0.000000 0.000000 1.000000
1.000000 -0.000000 0.000000 0.430000 0.000000 1.000000 -0.000000 0.000000 -0.000000 -0.000000 1.000000 0.000000 0.000000 0.000000 0.000000 1.000000
1.000000 -0.000000 0.000000 0.430001 -0.000000 1.000000 0.000000 -0.000000 0.000000 -0.000000 1.000000 -0.000000 0.000000 0.000000 0.000000 1.000000
1.000000 0.000000 -0.000000 0.430000 0.000000 1.000000 -0.000000 0.000000 0.000000 0.000000 1.000000 0.000000 0.000000 0.000000 0.000000 1.000000
1.000000 0.000000 0.000000 0.430000 0.000000 1.000000 0.000000 -0.000000 -0.000000 0.000000 1.000000 0.000000 0.000000 0.000000 0.000000 1.000000
1.000000 0.000000 -0.000000 0.430000 0.000000 1.000000 -0.000000 0.000000 0.000000 0.000000 1.000000 -0.000000 0.000000 0.000000 0.000000 1.000000
1.000000 -0.000000 0.000000 0.430000 0.000000 1.000000 -0.000000 -0.000000 -0.000000 -0.000000 1.000000 0.000000 0.000000 0.000000 0.000000 1.000000
1.000000 0.000000 -0.000000 0.430000 0.000000 1.000000 0.000000 -0.000000 0.000000 -0.000000 1.000000 0.000000 0.000000 0.000000 0.000000 1.000000
1.000000 -0.000000 0.000000 0.430000 0.000000 1.000000 0.000000 -0.000000 0.000000 0.000000 1.000000 0.000000 0.000000 0.000000 0.000000 1.000000
1.000000 -0.000000 0.000000 0.430000 0.000000 1.000000 -0.000000 -0.000000 -0.000000 0.000000 1.000000 0.000000 0.000000 0.000000 0.000000 1.000000
1.000000 -0.000000 -0.000000 0.430000 -0.000000 1.000000 0.000000 -0.000000 -0.000000 -0.000000 1.000000 0.000000 0.000000 0.000000 0.000000 1.000000
1.000000 -0.000000 0.000000 0.430000 -0.000000 1.000000 0.000000 0.000000 0.000000 0.000000 1.000000 0.000000 0.000000 0.000000 0.000000 1.000000
1.000000 0.000000 -0.000000 0.430000 0.000000 1.000000 0.000000 0.000000 0.000000 0.000000 1.000000 0.000000 0.000000 0.000000 0.000000 1.000000
1.000000 -0.000000 -0.000000 0.430000 0.000000 1.000000 -0.000000 -0.000000 -0.000000 0.000000 1.000000 0.000000 0.000000 0.000000 0.000000 1.000000
1.000000 0.000000 0.000000 0.430000 0.000000 1.000000 0.000000 0.000000 -0.000000 -0.000000 1.000000 0.000000 0.000000 0.000000 0.000000 1.000000</float_array><technique_common><accessor source="#jnt_right_uplegroll-Matrix-animation-output-transform-array" count="19" stride="16"><param type="float4x4"/></accessor></technique_common></source><source id="jnt_right_uplegroll-Interpolations"><Name_array id="jnt_right_uplegroll-Interpolations-array" count="19">
 LINEAR LINEAR LINEAR LINEAR LINEAR LINEAR LINEAR LINEAR LINEAR LINEAR LINEAR
LINEAR LINEAR LINEAR LINEAR LINEAR LINEAR LINEAR LINEAR</Name_array><technique_common><accessor source="#jnt_right_uplegroll-Interpolations-array" count="19"><param type="name"/></accessor></technique_common></source><sampler id="jnt_right_uplegroll-Matrix-animation-transform"><input semantic="INPUT" source="#jnt_right_uplegroll-Matrix-animation-input"/><input semantic="OUTPUT" source="#jnt_right_uplegroll-Matrix-animation-output-transform"/><input semantic="INTERPOLATION" source="#jnt_right_uplegroll-Interpolations"/></sampler><channel source="#jnt_right_uplegroll-Matrix-animation-transform" target="jnt_right_uplegroll/matrix"/></animation></animation>
    <animation id="jnt_right_leg-anim" name="jnt_right_leg"><animation><source id="jnt_right_leg-Matrix-animation-input"><float_array id="jnt_right_leg-Matrix-animation-input-array" count="19">

0.000000 0.033333 0.066667 0.100000 0.133333 0.166667 0.200000 0.233333 0.266667 0.300000 0.333333 0.366667 0.400000 0.433333 0.466667 0.500000
0.533333 0.566667 0.600000</float_array><technique_common><accessor source="#jnt_right_leg-Matrix-animation-input-array" count="19"><param name="TIME" type="float"/></accessor></technique_common></source><source id="jnt_right_leg-Matrix-animation-output-transform"><float_array id="jnt_right_leg-Matrix-animation-output-transform-array" count="304">

-0.263907 0.963399 0.047069 0.860324 -0.962935 -0.265972 0.044880 0.000000 0.055757 -0.033481 0.997883 0.000000 0.000000 0.000000 0.000000 1.000000
0.128494 0.991611 -0.014046 0.860324 -0.991691 0.128567 0.004371 -0.000000 0.006140 0.013367 0.999892 -0.000000 0.000000 0.000000 0.000000 1.000000
0.363132 0.931259 -0.029844 0.860323 -0.931737 0.362924 -0.012328 0.000000 -0.000649 0.032283 0.999479 0.000000 0.000000 0.000000 0.000000 1.000000
0.542671 0.839868 -0.011401 0.860325 -0.839899 0.542448 -0.017914 0.000000 -0.008860 0.019297 0.999775 -0.000000 0.000000 0.000000 0.000000 1.000000
0.540257 0.840288 0.045155 0.860324 -0.841222 0.540680 0.003298 0.000000 -0.021644 -0.039767 0.998975 0.000000 0.000000 0.000000 0.000000 1.000000
0.342168 0.935031 0.092943 0.860324 -0.939614 0.341193 0.026679 0.000000 -0.006766 -0.096460 0.995314 0.000000 0.000000 0.000000 0.000000 1.000000
0.123272 0.989969 0.069024 0.860325 -0.992149 0.121467 0.029781 -0.000000 0.021098 -0.072154 0.997170 -0.000000 0.000000 0.000000 0.000000 1.000000
-0.023226 0.999531 -0.019979 0.860324 -0.999348 -0.022661 0.028092 0.000000 0.027626 0.020618 0.999406 -0.000000 0.000000 0.000000 0.000000 1.000000
0.203578 0.978787 0.023084 0.860324 -0.978425 0.204238 -0.031179 0.000000 -0.035232 -0.016239 0.999247 -0.000000 0.000000 0.000000 0.000000 1.000000
0.526771 0.849361 0.033143 0.860324 -0.849566 0.524842 0.052709 0.000000 0.027374 -0.055922 0.998060 0.000000 0.000000 0.000000 0.000000 1.000000
0.587739 0.806803 0.060260 0.860324 -0.808910 0.584616 0.062359 -0.000000 0.015083 -0.085396 0.996233 0.000000 0.000000 0.000000 0.000000 1.000000
0.487967 0.866623 0.104180 0.860324 -0.869621 0.492956 -0.027458 -0.000000 -0.075151 -0.077198 0.994179 0.000000 0.000000 0.000000 0.000000 1.000000
0.456582 0.879740 0.132633 0.860324 -0.888953 0.457141 0.028006 -0.000000 -0.035994 -0.130692 0.990769 -0.000000 0.000000 0.000000 0.000000 1.000000
0.312422 0.934243 0.171999 0.860324 -0.949321 0.300502 0.092133 0.000000 0.034388 -0.192067 0.980779 0.000000 0.000000 0.000000 0.000000 1.000000
-0.074069 0.993679 0.084354 0.860324 -0.986423 -0.085434 0.140251 0.000000 0.146572 -0.072821 0.986516 0.000000 0.000000 0.000000 0.000000 1.000000
-0.351538 0.936162 0.004764 0.860324 -0.913976 -0.344299 0.214723 0.000000 0.202656 0.071129 0.976663 -0.000000 0.000000 0.000000 0.000000 1.000000
-0.572643 0.819804 -0.000961 0.860324 -0.806472 -0.563120 0.180275 0.000000 0.147249 0.104008 0.983616 0.000000 0.000000 0.000000 0.000000 1.000000
-0.586183 0.809801 0.024743 0.860324 -0.803224 -0.584874 0.112933 -0.000000 0.105925 0.046325 0.993294 -0.000000 0.000000 0.000000 0.000000 1.000000
-0.264093 0.963342 0.047202 0.860324 -0.962891 -0.266160 0.044720 0.000000 0.055644 -0.033640 0.997884 0.000000 0.000000 0.000000 0.000000 1.000000</float_array><technique_common><accessor source="#jnt_right_leg-Matrix-animation-output-transform-array" count="19" stride="16"><param type="float4x4"/></accessor></technique_common></source><source id="jnt_right_leg-Interpolations"><Name_array id="jnt_right_leg-Interpolations-array" count="19">
 LINEAR LINEAR LINEAR LINEAR LINEAR LINEAR LINEAR LINEAR LINEAR LINEAR LINEAR
LINEAR LINEAR LINEAR LINEAR LINEAR LINEAR LINEAR LINEAR</Name_array><technique_common><accessor source="#jnt_right_leg-Interpolations-array" count="19"><param type="name"/></accessor></technique_common></source><sampler id="jnt_right_leg-Matrix-animation-transform"><input semantic="INPUT" source="#jnt_right_leg-Matrix-animation-input"/><input semantic="OUTPUT" source="#jnt_right_leg-Matrix-animation-output-transform"/><input semantic="INTERPOLATION" source="#jnt_right_leg-Interpolations"/></sampler><channel source="#jnt_right_leg-Matrix-animation-transform" target="jnt_right_leg/matrix"/></animation></animation>
    <animation id="jnt_right_legroll-anim" name="jnt_right_legroll"><animation><source id="jnt_right_legroll-Matrix-animation-input"><float_array id="jnt_right_legroll-Matrix-animation-input-array" count="19">

0.000000 0.033333 0.066667 0.100000 0.133333 0.166667 0.200000 0.233333 0.266667 0.300000 0.333333 0.366667 0.400000 0.433333 0.466667 0.500000
0.533333 0.566667 0.600000</float_array><technique_common><accessor source="#jnt_right_legroll-Matrix-animation-input-array" count="19"><param name="TIME" type="float"/></accessor></technique_common></source><source id="jnt_right_legroll-Matrix-animation-output-transform"><float_array id="jnt_right_legroll-Matrix-animation-output-transform-array" count="304">

1.000000 -0.000000 0.000000 0.384000 -0.000000 1.000000 0.000000 -0.000000 0.000000 -0.000000 1.000000 0.000000 0.000000 0.000000 0.000000 1.000000
1.000000 0.000000 0.000000 0.384000 -0.000000 0.999785 0.020713 -0.000000 0.000000 -0.020713 0.999785 0.000000 0.000000 0.000000 0.000000 1.000000
1.000000 0.000000 -0.000000 0.384000 -0.000000 0.999711 0.024021 -0.000000 0.000000 -0.024021 0.999711 0.000000 0.000000 0.000000 0.000000 1.000000
1.000000 0.000000 0.000000 0.384000 0.000000 0.999713 0.023971 0.000000 -0.000000 -0.023971 0.999713 0.000000 0.000000 0.000000 0.000000 1.000000
1.000000 0.000000 0.000000 0.384000 0.000000 0.999822 0.018876 0.000000 0.000000 -0.018876 0.999822 0.000000 0.000000 0.000000 0.000000 1.000000
1.000000 0.000000 0.000000 0.384000 -0.000000 1.000000 -0.000000 -0.000000 0.000000 -0.000000 1.000000 0.000000 0.000000 0.000000 0.000000 1.000000
1.000000 0.000000 0.000000 0.384000 0.000000 1.000000 0.000000 0.000000 -0.000000 0.000000 1.000000 0.000000 0.000000 0.000000 0.000000 1.000000
1.000000 0.000000 -0.000000 0.384000 0.000000 1.000000 -0.000000 -0.000000 -0.000000 0.000000 1.000000 0.000000 0.000000 0.000000 0.000000 1.000000
1.000000 0.000000 -0.000000 0.384000 0.000000 1.000000 0.000000 -0.000000 -0.000000 -0.000000 1.000000 0.000000 0.000000 0.000000 0.000000 1.000000
1.000000 0.000000 -0.000000 0.384000 -0.000000 0.999701 0.024433 -0.000000 0.000000 -0.024433 0.999701 0.000000 0.000000 0.000000 0.000000 1.000000
1.000000 0.000000 -0.000000 0.384000 -0.000000 0.999473 0.032463 -0.000000 -0.000000 -0.032463 0.999473 0.000000 0.000000 0.000000 0.000000 1.000000
1.000000 0.000000 0.000000 0.384000 0.000000 0.999578 0.029044 -0.000000 0.000000 -0.029044 0.999578 0.000000 0.000000 0.000000 0.000000 1.000000
1.000000 -0.000000 0.000000 0.384000 0.000000 0.999752 0.022251 0.000000 -0.000000 -0.022251 0.999752 0.000000 0.000000 0.000000 0.000000 1.000000
1.000000 -0.000000 -0.000000 0.384000 -0.000000 1.000000 0.000000 -0.000000 -0.000000 0.000000 1.000000 0.000000 0.000000 0.000000 0.000000 1.000000
1.000000 -0.000000 0.000000 0.384000 -0.000000 0.999770 -0.021443 0.000000 0.000000 0.021443 0.999770 0.000000 0.000000 0.000000 0.000000 1.000000
1.000000 0.000000 -0.000000 0.384000 0.000000 0.999446 -0.033280 -0.000000 0.000000 0.033280 0.999446 0.000000 0.000000 0.000000 0.000000 1.000000
1.000000 0.000000 0.000000 0.384000 0.000000 0.999715 -0.023879 0.000000 -0.000000 0.023879 0.999715 -0.000000 0.000000 0.000000 0.000000 1.000000
1.000000 0.000000 -0.000000 0.384000 -0.000000 1.000000 0.000000 0.000000 0.000000 0.000000 1.000000 0.000000 0.000000 0.000000 0.000000 1.000000
1.000000 -0.000000 0.000000 0.384000 0.000000 1.000000 0.000000 -0.000000 0.000000 -0.000000 1.000000 0.000000 0.000000 0.000000 0.000000 1.000000</float_array><technique_common><accessor source="#jnt_right_legroll-Matrix-animation-output-transform-array" count="19" stride="16"><param type="float4x4"/></accessor></technique_common></source><source id="jnt_right_legroll-Interpolations"><Name_array id="jnt_right_legroll-Interpolations-array" count="19">
 LINEAR LINEAR LINEAR LINEAR LINEAR LINEAR LINEAR LINEAR LINEAR LINEAR LINEAR
LINEAR LINEAR LINEAR LINEAR LINEAR LINEAR LINEAR LINEAR</Name_array><technique_common><accessor source="#jnt_right_legroll-Interpolations-array" count="19"><param type="name"/></accessor></technique_common></source><sampler id="jnt_right_legroll-Matrix-animation-transform"><input semantic="INPUT" source="#jnt_right_legroll-Matrix-animation-input"/><input semantic="OUTPUT" source="#jnt_right_legroll-Matrix-animation-output-transform"/><input semantic="INTERPOLATION" source="#jnt_right_legroll-Interpolations"/></sampler><channel source="#jnt_right_legroll-Matrix-animation-transform" target="jnt_right_legroll/matrix"/></animation></animation>
    <animation id="jnt_right_foot-anim" name="jnt_right_foot"><animation><source id="jnt_right_foot-Matrix-animation-input"><float_array id="jnt_right_foot-Matrix-animation-input-array" count="19">

0.000000 0.033333 0.066667 0.100000 0.133333 0.166667 0.200000 0.233333 0.266667 0.300000 0.333333 0.366667 0.400000 0.433333 0.466667 0.500000
0.533333 0.566667 0.600000</float_array><technique_common><accessor source="#jnt_right_foot-Matrix-animation-input-array" count="19"><param name="TIME" type="float"/></accessor></technique_common></source><source id="jnt_right_foot-Matrix-animation-output-transform"><float_array id="jnt_right_foot-Matrix-animation-output-transform-array" count="304">

0.742081 -0.666753 -0.068962 0.768145 0.636297 0.733044 -0.240358 -0.000000 0.210812 0.134485 0.968231 -0.000000 0.000000 0.000000 0.000000 1.000000
0.834006 -0.545637 0.081939 0.768144 0.543507 0.786847 -0.292355 0.000000 0.095046 0.288361 0.952793 0.000000 0.000000 0.000000 0.000000 1.000000
0.932033 -0.304773 0.196032 0.768145 0.338431 0.925465 -0.170233 -0.000000 -0.129538 0.225006 0.965708 -0.000000 0.000000 0.000000 0.000000 1.000000
0.965021 -0.246851 0.088307 0.768145 0.243260 0.968696 0.049518 -0.000000 -0.097766 -0.026304 0.994862 -0.000000 0.000000 0.000000 0.000000 1.000000
0.712019 -0.700008 -0.054930 0.768144 0.701889 0.707388 0.083394 0.000000 -0.019520 -0.097932 0.995002 0.000000 0.000000 0.000000 0.000000 1.000000
0.224736 -0.969009 -0.102541 0.768145 0.971065 0.231443 -0.058876 0.000000 0.080784 -0.086342 0.992985 0.000000 0.000000 0.000000 0.000000 1.000000
0.027209 -0.980945 -0.192371 0.768145 0.989239 0.054098 -0.135942 0.000000 0.143758 -0.186602 0.971861 0.000000 0.000000 0.000000 0.000000 1.000000
0.214671 -0.923018 -0.319302 0.768145 0.954087 0.268101 -0.133563 -0.000000 0.208886 -0.275970 0.938194 -0.000000 0.000000 0.000000 0.000000 1.000000
0.442989 -0.821922 -0.358057 0.768145 0.873471 0.485674 -0.034207 -0.000000 0.202014 -0.297599 0.933073 0.000000 0.000000 0.000000 0.000000 1.000000
0.359786 -0.913133 -0.191685 0.768144 0.921014 0.380447 -0.083631 -0.000000 0.149292 -0.146455 0.977887 0.000000 0.000000 0.000000 0.000000 1.000000
0.227796 -0.962375 -0.148133 0.768145 0.962651 0.245451 -0.114272 -0.000000 0.146331 -0.116570 0.982343 0.000000 0.000000 0.000000 0.000000 1.000000
0.206323 -0.956093 -0.208128 0.768145 0.953723 0.244048 -0.175650 -0.000000 0.218731 -0.162256 0.962201 0.000000 0.000000 0.000000 0.000000 1.000000
0.298765 -0.905562 -0.301160 0.768145 0.906381 0.368023 -0.207440 -0.000000 0.298684 -0.210990 0.930737 0.000000 0.000000 0.000000 0.000000 1.000000
0.475017 -0.805120 -0.355163 0.768145 0.786583 0.569431 -0.238819 -0.000000 0.394519 -0.165922 0.903784 0.000000 0.000000 0.000000 0.000000 1.000000
0.635143 -0.676447 -0.372845 0.768145 0.642166 0.730694 -0.231753 0.000000 0.429203 -0.092232 0.898486 0.000000 0.000000 0.000000 0.000000 1.000000
0.712819 -0.591868 -0.376273 0.768145 0.529045 0.805976 -0.265546 0.000000 0.460435 -0.009779 0.887640 0.000000 0.000000 0.000000 0.000000 1.000000
0.669882 -0.707236 -0.225998 0.768145 0.638371 0.704064 -0.311089 0.000000 0.379131 0.064122 0.923119 0.000000 0.000000 0.000000 0.000000 1.000000
0.596857 -0.799115 -0.071952 0.768145 0.770950 0.596031 -0.224465 0.000000 0.222259 0.078502 0.971822 0.000000 0.000000 0.000000 0.000000 1.000000
0.742049 -0.666783 -0.069025 0.768144 0.636293 0.733011 -0.240469 -0.000000 0.210937 0.134519 0.968199 0.000000 0.000000 0.000000 0.000000 1.000000</float_array><technique_common><accessor source="#jnt_right_foot-Matrix-animation-output-transform-array" count="19" stride="16"><param type="float4x4"/></accessor></technique_common></source><source id="jnt_right_foot-Interpolations"><Name_array id="jnt_right_foot-Interpolations-array" count="19">
 LINEAR LINEAR LINEAR LINEAR LINEAR LINEAR LINEAR LINEAR LINEAR LINEAR LINEAR
LINEAR LINEAR LINEAR LINEAR LINEAR LINEAR LINEAR LINEAR</Name_array><technique_common><accessor source="#jnt_right_foot-Interpolations-array" count="19"><param type="name"/></accessor></technique_common></source><sampler id="jnt_right_foot-Matrix-animation-transform"><input semantic="INPUT" source="#jnt_right_foot-Matrix-animation-input"/><input semantic="OUTPUT" source="#jnt_right_foot-Matrix-animation-output-transform"/><input semantic="INTERPOLATION" source="#jnt_right_foot-Interpolations"/></sampler><channel source="#jnt_right_foot-Matrix-animation-transform" target="jnt_right_foot/matrix"/></animation></animation>
    <animation id="jnt_right_toebase-anim" name="jnt_right_toebase"><animation><source id="jnt_right_toebase-Matrix-animation-input"><float_array id="jnt_right_toebase-Matrix-animation-input-array" count="19">

0.000000 0.033333 0.066667 0.100000 0.133333 0.166667 0.200000 0.233333 0.266667 0.300000 0.333333 0.366667 0.400000 0.433333 0.466667 0.500000
0.533333 0.566667 0.600000</float_array><technique_common><accessor source="#jnt_right_toebase-Matrix-animation-input-array" count="19"><param name="TIME" type="float"/></accessor></technique_common></source><source id="jnt_right_toebase-Matrix-animation-output-transform"><float_array id="jnt_right_toebase-Matrix-animation-output-transform-array" count="304">

0.677716 -0.735317 -0.003190 0.441847 0.735266 0.677711 -0.009527 -0.000000 0.009167 0.004111 0.999950 0.000000 0.000000 0.000000 0.000000 1.000000
0.679994 -0.733212 -0.002668 0.441847 0.733172 0.679989 -0.008582 0.000000 0.008107 0.003880 0.999960 0.000000 0.000000 0.000000 0.000000 1.000000
0.650660 -0.759354 -0.004825 0.441847 0.759179 0.650626 -0.018245 0.000000 0.016994 0.008209 0.999822 0.000000 0.000000 0.000000 0.000000 1.000000
0.383301 -0.923620 -0.002439 0.441847 0.919022 0.381653 -0.098685 -0.000000 0.092079 0.035585 0.995116 0.000000 0.000000 0.000000 0.000000 1.000000
0.285293 -0.958424 0.005681 0.441847 0.949680 0.281880 -0.136572 -0.000000 0.129293 0.044358 0.990614 0.000000 0.000000 0.000000 0.000000 1.000000
0.480968 -0.876732 -0.003296 0.441847 0.874196 0.479856 -0.074289 -0.000000 0.066713 0.032849 0.997231 -0.000000 0.000000 0.000000 0.000000 1.000000
0.579358 -0.815059 -0.004855 0.441847 0.814176 0.578989 -0.043455 0.000000 0.038230 0.021224 0.999044 0.000000 0.000000 0.000000 0.000000 1.000000
0.617427 -0.786613 -0.004869 0.441847 0.786164 0.617264 -0.030533 0.000000 0.027023 0.015024 0.999522 0.000000 0.000000 0.000000 0.000000 1.000000
0.350358 -0.936097 0.031185 0.441847 0.936211 0.349034 -0.041033 0.000000 0.027526 0.043572 0.998671 0.000000 0.000000 0.000000 0.000000 1.000000
0.319618 -0.947067 0.030144 0.441847 0.946550 0.317662 -0.055979 0.000000 0.043440 0.046425 0.997977 0.000000 0.000000 0.000000 0.000000 1.000000
0.619320 -0.785132 -0.003187 0.441847 0.784664 0.619081 -0.032270 0.000000 0.027310 0.017485 0.999474 0.000000 0.000000 0.000000 0.000000 1.000000
0.638355 -0.769734 -0.003371 0.441847 0.769459 0.638234 -0.024298 -0.000000 0.020854 0.012917 0.999699 0.000000 0.000000 0.000000 0.000000 1.000000
0.646992 -0.762493 -0.002479 0.441847 0.762293 0.646890 -0.021033 0.000000 0.017642 0.011718 0.999776 0.000000 0.000000 0.000000 0.000000 1.000000
0.649047 -0.760742 -0.002979 0.441847 0.760560 0.648969 -0.019705 0.000000 0.016924 0.010524 0.999801 0.000000 0.000000 0.000000 0.000000 1.000000
0.652224 -0.758015 -0.004175 0.441847 0.757842 0.652176 -0.018497 -0.000000 0.016744 0.008900 0.999820 0.000000 0.000000 0.000000 0.000000 1.000000
0.660359 -0.750940 -0.003952 0.441847 0.750813 0.660330 -0.015652 0.000000 0.014364 0.007369 0.999870 0.000000 0.000000 0.000000 0.000000 1.000000
0.670305 -0.742077 -0.003549 0.441847 0.741998 0.670292 -0.012148 0.000000 0.011394 0.005510 0.999920 -0.000000 0.000000 0.000000 0.000000 1.000000
0.678099 -0.734964 -0.003176 0.441847 0.734915 0.678094 -0.009395 0.000000 0.009058 0.004037 0.999951 0.000000 0.000000 0.000000 0.000000 1.000000
0.677716 -0.735317 -0.003188 0.441847 0.735266 0.677711 -0.009527 -0.000000 0.009166 0.004112 0.999950 0.000000 0.000000 0.000000 0.000000 1.000000</float_array><technique_common><accessor source="#jnt_right_toebase-Matrix-animation-output-transform-array" count="19" stride="16"><param type="float4x4"/></accessor></technique_common></source><source id="jnt_right_toebase-Interpolations"><Name_array id="jnt_right_toebase-Interpolations-array" count="19">
 LINEAR LINEAR LINEAR LINEAR LINEAR LINEAR LINEAR LINEAR LINEAR LINEAR LINEAR
LINEAR LINEAR LINEAR LINEAR LINEAR LINEAR LINEAR LINEAR</Name_array><technique_common><accessor source="#jnt_right_toebase-Interpolations-array" count="19"><param type="name"/></accessor></technique_common></source><sampler id="jnt_right_toebase-Matrix-animation-transform"><input semantic="INPUT" source="#jnt_right_toebase-Matrix-animation-input"/><input semantic="OUTPUT" source="#jnt_right_toebase-Matrix-animation-output-transform"/><input semantic="INTERPOLATION" source="#jnt_right_toebase-Interpolations"/></sampler><channel source="#jnt_right_toebase-Matrix-animation-transform" target="jnt_right_toebase/matrix"/></animation></animation>
    <animation id="jnt_right_toeend-anim" name="jnt_right_toeend"><animation><source id="jnt_right_toeend-Matrix-animation-input"><float_array id="jnt_right_toeend-Matrix-animation-input-array" count="19">

0.000000 0.033333 0.066667 0.100000 0.133333 0.166667 0.200000 0.233333 0.266667 0.300000 0.333333 0.366667 0.400000 0.433333 0.466667 0.500000
0.533333 0.566667 0.600000</float_array><technique_common><accessor source="#jnt_right_toeend-Matrix-animation-input-array" count="19"><param name="TIME" type="float"/></accessor></technique_common></source><source id="jnt_right_toeend-Matrix-animation-output-transform"><float_array id="jnt_right_toeend-Matrix-animation-output-transform-array" count="304">

1.000000 0.000000 -0.000000 0.379397 0.000000 1.000000 0.000000 0.000000 -0.000000 0.000000 1.000000 -0.000000 0.000000 0.000000 0.000000 1.000000
1.000000 -0.000000 -0.000000 0.379397 0.000000 1.000000 -0.000000 0.000000 -0.000000 0.000000 1.000000 -0.000000 0.000000 0.000000 0.000000 1.000000
1.000000 0.000000 -0.000000 0.379397 0.000000 1.000000 0.000000 0.000000 -0.000000 0.000000 1.000000 -0.000000 0.000000 0.000000 0.000000 1.000000
1.000000 0.000000 -0.000000 0.379397 0.000000 1.000000 0.000000 0.000000 0.000000 0.000000 1.000000 -0.000000 0.000000 0.000000 0.000000 1.000000
1.000000 -0.000000 0.000000 0.379397 0.000000 1.000000 -0.000000 0.000000 0.000000 0.000000 1.000000 -0.000000 0.000000 0.000000 0.000000 1.000000
1.000000 -0.000000 -0.000000 0.379397 0.000000 1.000000 0.000000 0.000000 0.000000 0.000000 1.000000 -0.000000 0.000000 0.000000 0.000000 1.000000
1.000000 0.000000 0.000000 0.379397 0.000000 1.000000 0.000000 0.000000 0.000000 -0.000000 1.000000 -0.000000 0.000000 0.000000 0.000000 1.000000
1.000000 0.000000 0.000000 0.379397 0.000000 1.000000 -0.000000 0.000000 0.000000 -0.000000 1.000000 -0.000000 0.000000 0.000000 0.000000 1.000000
1.000000 0.000000 0.000000 0.379397 -0.000000 1.000000 -0.000000 0.000000 0.000000 -0.000000 1.000000 -0.000000 0.000000 0.000000 0.000000 1.000000
1.000000 0.000000 0.000000 0.379397 -0.000000 1.000000 0.000000 0.000000 0.000000 0.000000 1.000000 -0.000000 0.000000 0.000000 0.000000 1.000000
1.000000 0.000000 0.000000 0.379397 -0.000000 1.000000 0.000000 0.000000 0.000000 0.000000 1.000000 -0.000000 0.000000 0.000000 0.000000 1.000000
1.000000 0.000000 0.000000 0.379397 0.000000 1.000000 -0.000000 0.000000 -0.000000 0.000000 1.000000 -0.000000 0.000000 0.000000 0.000000 1.000000
1.000000 -0.000000 0.000000 0.379397 0.000000 1.000000 0.000000 0.000000 0.000000 0.000000 1.000000 -0.000000 0.000000 0.000000 0.000000 1.000000
1.000000 0.000000 -0.000000 0.379397 0.000000 1.000000 0.000000 0.000000 0.000000 0.000000 1.000000 -0.000000 0.000000 0.000000 0.000000 1.000000
1.000000 0.000000 -0.000000 0.379397 -0.000000 1.000000 -0.000000 0.000000 0.000000 -0.000000 1.000000 -0.000000 0.000000 0.000000 0.000000 1.000000
1.000000 -0.000000 0.000000 0.379397 -0.000000 1.000000 0.000000 0.000000 0.000000 0.000000 1.000000 -0.000000 0.000000 0.000000 0.000000 1.000000
1.000000 0.000000 -0.000000 0.379397 0.000000 1.000000 0.000000 0.000000 -0.000000 -0.000000 1.000000 -0.000000 0.000000 0.000000 0.000000 1.000000
1.000000 0.000000 -0.000000 0.379397 -0.000000 1.000000 -0.000000 -0.000000 0.000000 0.000000 1.000000 0.000000 0.000000 0.000000 0.000000 1.000000
1.000000 -0.000000 0.000000 0.379397 0.000000 1.000000 0.000000 0.000000 -0.000000 -0.000000 1.000000 -0.000000 0.000000 0.000000 0.000000 1.000000</float_array><technique_common><accessor source="#jnt_right_toeend-Matrix-animation-output-transform-array" count="19" stride="16"><param type="float4x4"/></accessor></technique_common></source><source id="jnt_right_toeend-Interpolations"><Name_array id="jnt_right_toeend-Interpolations-array" count="19">
 LINEAR LINEAR LINEAR LINEAR LINEAR LINEAR LINEAR LINEAR LINEAR LINEAR LINEAR
LINEAR LINEAR LINEAR LINEAR LINEAR LINEAR LINEAR LINEAR</Name_array><technique_common><accessor source="#jnt_right_toeend-Interpolations-array" count="19"><param type="name"/></accessor></technique_common></source><sampler id="jnt_right_toeend-Matrix-animation-transform"><input semantic="INPUT" source="#jnt_right_toeend-Matrix-animation-input"/><input semantic="OUTPUT" source="#jnt_right_toeend-Matrix-animation-output-transform"/><input semantic="INTERPOLATION" source="#jnt_right_toeend-Interpolations"/></sampler><channel source="#jnt_right_toeend-Matrix-animation-transform" target="jnt_right_toeend/matrix"/></animation></animation>
    <animation id="jnt_left_upleg-anim" name="jnt_left_upleg"><animation><source id="jnt_left_upleg-Matrix-animation-input"><float_array id="jnt_left_upleg-Matrix-animation-input-array" count="19">

0.000000 0.033333 0.066667 0.100000 0.133333 0.166667 0.200000 0.233333 0.266667 0.300000 0.333333 0.366667 0.400000 0.433333 0.466667 0.500000
0.533333 0.566667 0.600000</float_array><technique_common><accessor source="#jnt_left_upleg-Matrix-animation-input-array" count="19"><param name="TIME" type="float"/></accessor></technique_common></source><source id="jnt_left_upleg-Matrix-animation-output-transform"><float_array id="jnt_left_upleg-Matrix-animation-output-transform-array" count="304">

0.031144 0.373813 -0.926981 0.446779 -0.644468 0.716409 0.267245 -0.111213 0.763997 0.589086 0.263222 0.043020 0.000000 0.000000 0.000000 1.000000
0.053659 0.416742 -0.907439 0.446780 -0.721628 0.644305 0.253226 -0.111213 0.690198 0.641246 0.335306 0.043020 0.000000 0.000000 0.000000 1.000000
0.058407 0.430899 -0.900508 0.446779 -0.713975 0.648493 0.264000 -0.111212 0.697731 0.627521 0.345528 0.043020 0.000000 0.000000 0.000000 1.000000
0.102407 0.561201 -0.821320 0.446779 -0.762919 0.574141 0.297181 -0.111213 0.638332 0.596167 0.486947 0.043020 0.000000 0.000000 0.000000 1.000000
0.097759 0.573845 -0.813108 0.446779 -0.730507 0.596235 0.332961 -0.111213 0.675872 0.561431 0.477486 0.043020 0.000000 0.000000 0.000000 1.000000
0.166031 0.522751 -0.836161 0.446779 -0.579608 0.737733 0.346127 -0.111213 0.797802 0.427178 0.425477 0.043020 0.000000 0.000000 0.000000 1.000000
0.169546 0.455134 -0.874132 0.446779 -0.472820 0.815793 0.333051 -0.111213 0.864694 0.356839 0.353511 0.043020 0.000000 0.000000 0.000000 1.000000
0.201851 0.403721 -0.892337 0.446779 -0.510707 0.820809 0.255836 -0.111213 0.835724 0.404082 0.371864 0.043020 0.000000 0.000000 0.000000 1.000000
0.246921 0.464109 -0.850666 0.446779 -0.751099 0.646322 0.134602 -0.111213 0.612275 0.605698 0.508182 0.043020 0.000000 0.000000 0.000000 1.000000
0.172312 0.433829 -0.884364 0.446779 -0.910270 0.413238 0.025356 -0.111213 0.376453 0.800641 0.466108 0.043020 0.000000 0.000000 0.000000 1.000000
0.120818 0.359070 -0.925458 0.446779 -0.981874 0.180379 -0.058198 -0.111213 0.146036 0.915714 0.374355 0.043020 0.000000 0.000000 0.000000 1.000000
0.168530 0.318260 -0.932903 0.446779 -0.985146 0.022750 -0.170207 -0.111213 -0.032947 0.947731 0.317366 0.043020 0.000000 0.000000 0.000000 1.000000
0.195820 0.388980 -0.900194 0.446779 -0.967883 -0.070924 -0.241191 -0.111213 -0.157664 0.918512 0.362599 0.043020 0.000000 0.000000 0.000000 1.000000
0.136688 0.482315 -0.865268 0.446779 -0.977535 -0.075795 -0.196673 -0.111213 -0.160441 0.872712 0.461120 0.043020 0.000000 0.000000 0.000000 1.000000
-0.002187 0.331420 -0.943481 0.446779 -0.996358 0.079699 0.030306 -0.111213 0.085239 0.940111 0.330039 0.043020 0.000000 0.000000 0.000000 1.000000
-0.056960 0.378428 -0.923876 0.446779 -0.927574 0.322214 0.189170 -0.111213 0.369273 0.867739 0.332667 0.043020 0.000000 0.000000 0.000000 1.000000
-0.050223 0.433126 -0.899933 0.446779 -0.723907 0.604994 0.331574 -0.111213 0.688067 0.668120 0.283158 0.043020 0.000000 0.000000 0.000000 1.000000
