<?xml version="1.0" encoding="utf-8"?>
<COLLADA xmlns="http://www.collada.org/2005/11/COLLADASchema" version="1.4.1">
  <asset><contributor><author></author><authoring_tool>FBX COLLADA exporter</authoring_tool><comments></comments></contributor><created>2018-03-28T17:02:52Z</created><keywords></keywords><modified>2018-03-28T17:02:52Z</modified><revision></revision><subject></subject><title></title><unit meter="0.010000" name="centimeter"></unit><up_axis>Y_UP</up_axis></asset>
  <library_animations>
    <animation id="jnt_hips-anim" name="jnt_hips"><animation><source id="jnt_hips-Matrix-animation-input"><float_array id="jnt_hips-Matrix-animation-input-array" count="120">

0.000000 0.033333 0.066667 0.100000 0.133333 0.166667 0.200000 0.233333 0.266667 0.300000 0.333333 0.366667 0.400000 0.433333 0.466667 0.500000
0.533333 0.566667 0.600000 0.633333 0.666667 0.700000 0.733333 0.766667 0.800000 0.833333 0.866667 0.900000 0.933333 0.966667 1.000000 1.033333
1.066667 1.100000 1.133333 1.166667 1.200000 1.233333 1.266667 1.300000 1.333333 1.366667 1.400000 1.433333 1.466667 1.500000 1.533333 1.566667
1.600000 1.633333 1.666667 1.700000 1.733333 1.766667 1.800000 1.833333 1.866667 1.900000 1.933333 1.966667 2.000000 2.033333 2.066667 2.100000
2.133333 2.166667 2.200000 2.233333 2.266667 2.300000 2.333333 2.366667 2.400000 2.433333 2.466667 2.500000 2.533333 2.566667 2.600000 2.633333
2.666667 2.700000 2.733333 2.766667 2.800000 2.833333 2.866667 2.900000 2.933333 2.966667 3.000000 3.033333 3.066667 3.100000 3.133333 3.166667
3.200000 3.233333 3.266667 3.300000 3.333333 3.366667 3.400000 3.433333 3.466667 3.500000 3.533333 3.566667 3.600000 3.633333 3.666667 3.700000
3.733333 3.766667 3.800000 3.833333 3.866667 3.900000 3.933333 3.966667</float_array><technique_common><accessor source="#jnt_hips-Matrix-animation-input-array" count="120"><param name="TIME" type="float"/></accessor></technique_common></source><source id="jnt_hips-Matrix-animation-output-transform"><float_array id="jnt_hips-Matrix-animation-output-transform-array" count="1920">

0.961461 -0.010974 -0.274722 0.005652 -0.002571 0.998801 -0.048896 2.040852 0.274929 0.047718 0.960280 -0.246250 0.000000 0.000000 0.000000 1.000000
0.961461 -0.010974 -0.274722 0.005647 -0.002571 0.998801 -0.048896 2.041271 0.274929 0.047718 0.960280 -0.246230 0.000000 0.000000 0.000000 1.000000
0.961461 -0.010974 -0.274722 0.005634 -0.002571 0.998801 -0.048896 2.042494 0.274929 0.047718 0.960280 -0.246171 0.000000 0.000000 0.000000 1.000000
0.961461 -0.010974 -0.274722 0.005612 -0.002571 0.998801 -0.048896 2.044460 0.274929 0.047718 0.960280 -0.246077 0.000000 0.000000 0.000000 1.000000
0.961461 -0.010974 -0.274722 0.005583 -0.002571 0.998801 -0.048896 2.047114 0.274929 0.047718 0.960280 -0.245951 0.000000 0.000000 0.000000 1.000000
0.961461 -0.010974 -0.274722 0.005547 -0.002571 0.998801 -0.048896 2.050398 0.274929 0.047718 0.960280 -0.245794 0.000000 0.000000 0.000000 1.000000
0.961461 -0.010974 -0.274722 0.005504 -0.002571 0.998801 -0.048896 2.054255 0.274929 0.047718 0.960280 -0.245609 0.000000 0.000000 0.000000 1.000000
0.961461 -0.010974 -0.274722 0.005456 -0.002571 0.998801 -0.048896 2.058627 0.274929 0.047718 0.960280 -0.245400 0.000000 0.000000 0.000000 1.000000
0.961461 -0.010974 -0.274722 0.005403 -0.002571 0.998801 -0.048896 2.063458 0.274929 0.047718 0.960280 -0.245170 0.000000 0.000000 0.000000 1.000000
0.961461 -0.010974 -0.274722 0.005346 -0.002571 0.998801 -0.048896 2.068689 0.274929 0.047718 0.960280 -0.244920 0.000000 0.000000 0.000000 1.000000
0.961461 -0.010974 -0.274722 0.005285 -0.002571 0.998801 -0.048896 2.074265 0.274929 0.047718 0.960280 -0.244653 0.000000 0.000000 0.000000 1.000000
0.961461 -0.010974 -0.274722 0.005220 -0.002571 0.998801 -0.048896 2.080126 0.274929 0.047718 0.960280 -0.244373 0.000000 0.000000 0.000000 1.000000
0.961461 -0.010974 -0.274722 0.005153 -0.002571 0.998801 -0.048896 2.086217 0.274929 0.047718 0.960280 -0.244082 0.000000 0.000000 0.000000 1.000000
0.961461 -0.010974 -0.274722 0.005084 -0.002571 0.998801 -0.048896 2.092480 0.274929 0.047718 0.960280 -0.243783 0.000000 0.000000 0.000000 1.000000
0.961461 -0.010974 -0.274722 0.005014 -0.002571 0.998801 -0.048896 2.098857 0.274929 0.047718 0.960280 -0.243478 0.000000 0.000000 0.000000 1.000000
0.961461 -0.010974 -0.274722 0.004944 -0.002571 0.998801 -0.048896 2.105292 0.274929 0.047718 0.960280 -0.243171 0.000000 0.000000 0.000000 1.000000
0.961461 -0.010974 -0.274722 0.004873 -0.002571 0.998801 -0.048896 2.111726 0.274929 0.047718 0.960280 -0.242864 0.000000 0.000000 0.000000 1.000000
0.961461 -0.010974 -0.274722 0.004803 -0.002571 0.998801 -0.048896 2.118103 0.274929 0.047718 0.960280 -0.242559 0.000000 0.000000 0.000000 1.000000
0.961461 -0.010974 -0.274722 0.004734 -0.002571 0.998801 -0.048896 2.124366 0.274929 0.047718 0.960280 -0.242260 0.000000 0.000000 0.000000 1.000000
0.961461 -0.010974 -0.274722 0.004667 -0.002571 0.998801 -0.048896 2.130457 0.274929 0.047718 0.960280 -0.241969 0.000000 0.000000 0.000000 1.000000
0.961461 -0.010974 -0.274722 0.004603 -0.002571 0.998801 -0.048896 2.136318 0.274929 0.047718 0.960280 -0.241689 0.000000 0.000000 0.000000 1.000000
0.961461 -0.010974 -0.274722 0.004541 -0.002571 0.998801 -0.048896 2.141893 0.274929 0.047718 0.960280 -0.241422 0.000000 0.000000 0.000000 1.000000
0.961461 -0.010974 -0.274722 0.004484 -0.002571 0.998801 -0.048896 2.147125 0.274929 0.047718 0.960280 -0.241172 0.000000 0.000000 0.000000 1.000000
0.961461 -0.010974 -0.274722 0.004431 -0.002571 0.998801 -0.048896 2.151956 0.274929 0.047718 0.960280 -0.240942 0.000000 0.000000 0.000000 1.000000
0.961461 -0.010974 -0.274722 0.004383 -0.002571 0.998801 -0.048896 2.156328 0.274929 0.047718 0.960280 -0.240733 0.000000 0.000000 0.000000 1.000000
0.961461 -0.010974 -0.274722 0.004341 -0.002571 0.998801 -0.048896 2.160185 0.274929 0.047718 0.960280 -0.240548 0.000000 0.000000 0.000000 1.000000
0.961461 -0.010974 -0.274722 0.004304 -0.002571 0.998801 -0.048896 2.163469 0.274929 0.047718 0.960280 -0.240392 0.000000 0.000000 0.000000 1.000000
0.961461 -0.010974 -0.274722 0.004275 -0.002571 0.998801 -0.048896 2.166122 0.274929 0.047718 0.960280 -0.240265 0.000000 0.000000 0.000000 1.000000
0.961461 -0.010974 -0.274722 0.004254 -0.002571 0.998801 -0.048896 2.168090 0.274929 0.047718 0.960280 -0.240171 0.000000 0.000000 0.000000 1.000000
0.961461 -0.010974 -0.274722 0.004240 -0.002571 0.998801 -0.048896 2.169312 0.274929 0.047718 0.960280 -0.240112 0.000000 0.000000 0.000000 1.000000
0.961461 -0.010974 -0.274722 0.004236 -0.002571 0.998801 -0.048896 2.169731 0.274929 0.047718 0.960280 -0.240092 0.000000 0.000000 0.000000 1.000000
0.961461 -0.010974 -0.274722 0.004240 -0.002571 0.998801 -0.048896 2.169306 0.274929 0.047718 0.960280 -0.240113 0.000000 0.000000 0.000000 1.000000
0.961461 -0.010974 -0.274722 0.004254 -0.002571 0.998801 -0.048896 2.168067 0.274929 0.047718 0.960280 -0.240172 0.000000 0.000000 0.000000 1.000000
0.961461 -0.010974 -0.274722 0.004276 -0.002571 0.998801 -0.048896 2.166073 0.274929 0.047718 0.960280 -0.240267 0.000000 0.000000 0.000000 1.000000
0.961461 -0.010974 -0.274722 0.004305 -0.002571 0.998801 -0.048896 2.163383 0.274929 0.047718 0.960280 -0.240396 0.000000 0.000000 0.000000 1.000000
0.961461 -0.010974 -0.274722 0.004342 -0.002571 0.998801 -0.048896 2.160053 0.274929 0.047718 0.960280 -0.240555 0.000000 0.000000 0.000000 1.000000
0.961461 -0.010974 -0.274722 0.004385 -0.002571 0.998801 -0.048896 2.156143 0.274929 0.047718 0.960280 -0.240742 0.000000 0.000000 0.000000 1.000000
0.961461 -0.010974 -0.274722 0.004434 -0.002571 0.998801 -0.048896 2.151711 0.274929 0.047718 0.960280 -0.240953 0.000000 0.000000 0.000000 1.000000
0.961461 -0.010974 -0.274722 0.004487 -0.002571 0.998801 -0.048896 2.146814 0.274929 0.047718 0.960280 -0.241187 0.000000 0.000000 0.000000 1.000000
0.961461 -0.010974 -0.274722 0.004546 -0.002571 0.998801 -0.048896 2.141510 0.274929 0.047718 0.960280 -0.241441 0.000000 0.000000 0.000000 1.000000
0.961461 -0.010974 -0.274722 0.004608 -0.002571 0.998801 -0.048896 2.135858 0.274929 0.047718 0.960280 -0.241711 0.000000 0.000000 0.000000 1.000000
0.961461 -0.010974 -0.274722 0.004673 -0.002571 0.998801 -0.048896 2.129915 0.274929 0.047718 0.960280 -0.241995 0.000000 0.000000 0.000000 1.000000
0.961461 -0.010974 -0.274722 0.004741 -0.002571 0.998801 -0.048896 2.123740 0.274929 0.047718 0.960280 -0.242290 0.000000 0.000000 0.000000 1.000000
0.961461 -0.010974 -0.274722 0.004811 -0.002571 0.998801 -0.048896 2.117392 0.274929 0.047718 0.960280 -0.242593 0.000000 0.000000 0.000000 1.000000
0.961461 -0.010974 -0.274722 0.004882 -0.002571 0.998801 -0.048896 2.110926 0.274929 0.047718 0.960280 -0.242902 0.000000 0.000000 0.000000 1.000000
0.961461 -0.010974 -0.274722 0.004953 -0.002571 0.998801 -0.048896 2.104403 0.274929 0.047718 0.960280 -0.243213 0.000000 0.000000 0.000000 1.000000
0.961461 -0.010974 -0.274722 0.005025 -0.002571 0.998801 -0.048896 2.097880 0.274929 0.047718 0.960280 -0.243525 0.000000 0.000000 0.000000 1.000000
0.961461 -0.010974 -0.274722 0.005096 -0.002571 0.998801 -0.048896 2.091415 0.274929 0.047718 0.960280 -0.243834 0.000000 0.000000 0.000000 1.000000
0.961461 -0.010974 -0.274722 0.005166 -0.002571 0.998801 -0.048896 2.085066 0.274929 0.047718 0.960280 -0.244137 0.000000 0.000000 0.000000 1.000000
0.961461 -0.010974 -0.274722 0.005234 -0.002571 0.998801 -0.048896 2.078891 0.274929 0.047718 0.960280 -0.244432 0.000000 0.000000 0.000000 1.000000
0.961461 -0.010974 -0.274722 0.005299 -0.002571 0.998801 -0.048896 2.072949 0.274929 0.047718 0.960280 -0.244716 0.000000 0.000000 0.000000 1.000000
0.961461 -0.010974 -0.274722 0.005361 -0.002571 0.998801 -0.048896 2.067297 0.274929 0.047718 0.960280 -0.244986 0.000000 0.000000 0.000000 1.000000
0.961461 -0.010974 -0.274722 0.005419 -0.002571 0.998801 -0.048896 2.061993 0.274929 0.047718 0.960280 -0.245240 0.000000 0.000000 0.000000 1.000000
0.961461 -0.010974 -0.274722 0.005473 -0.002571 0.998801 -0.048896 2.057096 0.274929 0.047718 0.960280 -0.245474 0.000000 0.000000 0.000000 1.000000
0.961461 -0.010974 -0.274722 0.005522 -0.002571 0.998801 -0.048896 2.052663 0.274929 0.047718 0.960280 -0.245685 0.000000 0.000000 0.000000 1.000000
0.961461 -0.010974 -0.274722 0.005565 -0.002571 0.998801 -0.048896 2.048753 0.274929 0.047718 0.960280 -0.245872 0.000000 0.000000 0.000000 1.000000
0.961461 -0.010974 -0.274722 0.005601 -0.002571 0.998801 -0.048896 2.045424 0.274929 0.047718 0.960280 -0.246031 0.000000 0.000000 0.000000 1.000000
0.961461 -0.010974 -0.274722 0.005631 -0.002571 0.998801 -0.048896 2.042733 0.274929 0.047718 0.960280 -0.246160 0.000000 0.000000 0.000000 1.000000
0.961461 -0.010974 -0.274722 0.005653 -0.002571 0.998801 -0.048896 2.040740 0.274929 0.047718 0.960280 -0.246255 0.000000 0.000000 0.000000 1.000000
0.961461 -0.010974 -0.274722 0.005666 -0.002571 0.998801 -0.048896 2.039501 0.274929 0.047718 0.960280 -0.246314 0.000000 0.000000 0.000000 1.000000
0.961461 -0.010974 -0.274722 0.005671 -0.002571 0.998801 -0.048896 2.039075 0.274929 0.047718 0.960280 -0.246335 0.000000 0.000000 0.000000 1.000000
0.961461 -0.010974 -0.274722 0.005667 -0.002571 0.998801 -0.048896 2.039398 0.274929 0.047718 0.960280 -0.246319 0.000000 0.000000 0.000000 1.000000
0.961461 -0.010974 -0.274722 0.005657 -0.002571 0.998801 -0.048896 2.040336 0.274929 0.047718 0.960280 -0.246274 0.000000 0.000000 0.000000 1.000000
0.961461 -0.010974 -0.274722 0.005641 -0.002571 0.998801 -0.048896 2.041846 0.274929 0.047718 0.960280 -0.246202 0.000000 0.000000 0.000000 1.000000
0.961461 -0.010974 -0.274722 0.005618 -0.002571 0.998801 -0.048896 2.043885 0.274929 0.047718 0.960280 -0.246105 0.000000 0.000000 0.000000 1.000000
0.961461 -0.010974 -0.274722 0.005590 -0.002571 0.998801 -0.048896 2.046406 0.274929 0.047718 0.960280 -0.245984 0.000000 0.000000 0.000000 1.000000
0.961461 -0.010974 -0.274722 0.005558 -0.002571 0.998801 -0.048896 2.049368 0.274929 0.047718 0.960280 -0.245843 0.000000 0.000000 0.000000 1.000000
0.961461 -0.010974 -0.274722 0.005521 -0.002571 0.998801 -0.048896 2.052726 0.274929 0.047718 0.960280 -0.245682 0.000000 0.000000 0.000000 1.000000
0.961461 -0.010974 -0.274722 0.005480 -0.002571 0.998801 -0.048896 2.056436 0.274929 0.047718 0.960280 -0.245505 0.000000 0.000000 0.000000 1.000000
0.961461 -0.010974 -0.274722 0.005436 -0.002571 0.998801 -0.048896 2.060453 0.274929 0.047718 0.960280 -0.245313 0.000000 0.000000 0.000000 1.000000
0.961461 -0.010974 -0.274722 0.005389 -0.002571 0.998801 -0.048896 2.064734 0.274929 0.047718 0.960280 -0.245109 0.000000 0.000000 0.000000 1.000000
0.961461 -0.010974 -0.274722 0.005340 -0.002571 0.998801 -0.048896 2.069236 0.274929 0.047718 0.960280 -0.244894 0.000000 0.000000 0.000000 1.000000
0.961461 -0.010974 -0.274722 0.005288 -0.002571 0.998801 -0.048896 2.073914 0.274929 0.047718 0.960280 -0.244670 0.000000 0.000000 0.000000 1.000000
0.961461 -0.010974 -0.274722 0.005235 -0.002571 0.998801 -0.048896 2.078722 0.274929 0.047718 0.960280 -0.244440 0.000000 0.000000 0.000000 1.000000
0.961461 -0.010974 -0.274722 0.005182 -0.002571 0.998801 -0.048896 2.083620 0.274929 0.047718 0.960280 -0.244206 0.000000 0.000000 0.000000 1.000000
0.961461 -0.010974 -0.274722 0.005127 -0.002571 0.998801 -0.048896 2.088562 0.274929 0.047718 0.960280 -0.243970 0.000000 0.000000 0.000000 1.000000
0.961461 -0.010974 -0.274722 0.005073 -0.002571 0.998801 -0.048896 2.093503 0.274929 0.047718 0.960280 -0.243734 0.000000 0.000000 0.000000 1.000000
0.961461 -0.010974 -0.274722 0.005019 -0.002571 0.998801 -0.048896 2.098400 0.274929 0.047718 0.960280 -0.243500 0.000000 0.000000 0.000000 1.000000
0.961461 -0.010974 -0.274722 0.004966 -0.002571 0.998801 -0.048896 2.103209 0.274929 0.047718 0.960280 -0.243271 0.000000 0.000000 0.000000 1.000000
0.961461 -0.010974 -0.274722 0.004915 -0.002571 0.998801 -0.048896 2.107887 0.274929 0.047718 0.960280 -0.243047 0.000000 0.000000 0.000000 1.000000
0.961461 -0.010974 -0.274722 0.004865 -0.002571 0.998801 -0.048896 2.112388 0.274929 0.047718 0.960280 -0.242832 0.000000 0.000000 0.000000 1.000000
0.961461 -0.010974 -0.274722 0.004818 -0.002571 0.998801 -0.048896 2.116670 0.274929 0.047718 0.960280 -0.242627 0.000000 0.000000 0.000000 1.000000
0.961461 -0.010974 -0.274722 0.004774 -0.002571 0.998801 -0.048896 2.120687 0.274929 0.047718 0.960280 -0.242436 0.000000 0.000000 0.000000 1.000000
0.961461 -0.010974 -0.274722 0.004734 -0.002571 0.998801 -0.048896 2.124397 0.274929 0.047718 0.960280 -0.242258 0.000000 0.000000 0.000000 1.000000
0.961461 -0.010974 -0.274722 0.004697 -0.002571 0.998801 -0.048896 2.127755 0.274929 0.047718 0.960280 -0.242098 0.000000 0.000000 0.000000 1.000000
0.961461 -0.010974 -0.274722 0.004664 -0.002571 0.998801 -0.048896 2.130717 0.274929 0.047718 0.960280 -0.241956 0.000000 0.000000 0.000000 1.000000
0.961461 -0.010974 -0.274722 0.004636 -0.002571 0.998801 -0.048896 2.133239 0.274929 0.047718 0.960280 -0.241836 0.000000 0.000000 0.000000 1.000000
0.961461 -0.010974 -0.274722 0.004614 -0.002571 0.998801 -0.048896 2.135277 0.274929 0.047718 0.960280 -0.241739 0.000000 0.000000 0.000000 1.000000
0.961461 -0.010974 -0.274722 0.004597 -0.002571 0.998801 -0.048896 2.136787 0.274929 0.047718 0.960280 -0.241666 0.000000 0.000000 0.000000 1.000000
0.961461 -0.010974 -0.274722 0.004587 -0.002571 0.998801 -0.048896 2.137725 0.274929 0.047718 0.960280 -0.241622 0.000000 0.000000 0.000000 1.000000
0.961461 -0.010974 -0.274722 0.004584 -0.002571 0.998801 -0.048896 2.138048 0.274929 0.047718 0.960280 -0.241606 0.000000 0.000000 0.000000 1.000000
0.961461 -0.010974 -0.274722 0.004587 -0.002571 0.998801 -0.048896 2.137709 0.274929 0.047718 0.960280 -0.241622 0.000000 0.000000 0.000000 1.000000
0.961461 -0.010974 -0.274722 0.004598 -0.002571 0.998801 -0.048896 2.136725 0.274929 0.047718 0.960280 -0.241669 0.000000 0.000000 0.000000 1.000000
0.961461 -0.010974 -0.274722 0.004616 -0.002571 0.998801 -0.048896 2.135143 0.274929 0.047718 0.960280 -0.241745 0.000000 0.000000 0.000000 1.000000
0.961461 -0.010974 -0.274722 0.004639 -0.002571 0.998801 -0.048896 2.133011 0.274929 0.047718 0.960280 -0.241847 0.000000 0.000000 0.000000 1.000000
0.961461 -0.010974 -0.274722 0.004668 -0.002571 0.998801 -0.048896 2.130377 0.274929 0.047718 0.960280 -0.241973 0.000000 0.000000 0.000000 1.000000
0.961461 -0.010974 -0.274722 0.004702 -0.002571 0.998801 -0.048896 2.127288 0.274929 0.047718 0.960280 -0.242120 0.000000 0.000000 0.000000 1.000000
0.961461 -0.010974 -0.274722 0.004740 -0.002571 0.998801 -0.048896 2.123793 0.274929 0.047718 0.960280 -0.242287 0.000000 0.000000 0.000000 1.000000
0.961461 -0.010974 -0.274722 0.004782 -0.002571 0.998801 -0.048896 2.119939 0.274929 0.047718 0.960280 -0.242471 0.000000 0.000000 0.000000 1.000000
0.961461 -0.010974 -0.274722 0.004828 -0.002571 0.998801 -0.048896 2.115775 0.274929 0.047718 0.960280 -0.242670 0.000000 0.000000 0.000000 1.000000
0.961461 -0.010974 -0.274722 0.004877 -0.002571 0.998801 -0.048896 2.111347 0.274929 0.047718 0.960280 -0.242882 0.000000 0.000000 0.000000 1.000000
0.961461 -0.010974 -0.274722 0.004928 -0.002571 0.998801 -0.048896 2.106704 0.274929 0.047718 0.960280 -0.243104 0.000000 0.000000 0.000000 1.000000
0.961461 -0.010974 -0.274722 0.004981 -0.002571 0.998801 -0.048896 2.101893 0.274929 0.047718 0.960280 -0.243333 0.000000 0.000000 0.000000 1.000000
0.961461 -0.010974 -0.274722 0.005035 -0.002571 0.998801 -0.048896 2.096964 0.274929 0.047718 0.960280 -0.243569 0.000000 0.000000 0.000000 1.000000
0.961461 -0.010974 -0.274722 0.005090 -0.002571 0.998801 -0.048896 2.091962 0.274929 0.047718 0.960280 -0.243808 0.000000 0.000000 0.000000 1.000000
0.961461 -0.010974 -0.274722 0.005145 -0.002571 0.998801 -0.048896 2.086937 0.274929 0.047718 0.960280 -0.244048 0.000000 0.000000 0.000000 1.000000
0.961461 -0.010974 -0.274722 0.005200 -0.002571 0.998801 -0.048896 2.081936 0.274929 0.047718 0.960280 -0.244287 0.000000 0.000000 0.000000 1.000000
0.961461 -0.010974 -0.274722 0.005254 -0.002571 0.998801 -0.048896 2.077006 0.274929 0.047718 0.960280 -0.244522 0.000000 0.000000 0.000000 1.000000
0.961461 -0.010974 -0.274722 0.005307 -0.002571 0.998801 -0.048896 2.072196 0.274929 0.047718 0.960280 -0.244752 0.000000 0.000000 0.000000 1.000000
0.961461 -0.010974 -0.274722 0.005358 -0.002571 0.998801 -0.048896 2.067553 0.274929 0.047718 0.960280 -0.244974 0.000000 0.000000 0.000000 1.000000
0.961461 -0.010974 -0.274722 0.005407 -0.002571 0.998801 -0.048896 2.063125 0.274929 0.047718 0.960280 -0.245186 0.000000 0.000000 0.000000 1.000000
0.961461 -0.010974 -0.274722 0.005453 -0.002571 0.998801 -0.048896 2.058961 0.274929 0.047718 0.960280 -0.245384 0.000000 0.000000 0.000000 1.000000
0.961461 -0.010974 -0.274722 0.005495 -0.002571 0.998801 -0.048896 2.055107 0.274929 0.047718 0.960280 -0.245569 0.000000 0.000000 0.000000 1.000000
0.961461 -0.010974 -0.274722 0.005533 -0.002571 0.998801 -0.048896 2.051611 0.274929 0.047718 0.960280 -0.245736 0.000000 0.000000 0.000000 1.000000
0.961461 -0.010974 -0.274722 0.005567 -0.002571 0.998801 -0.048896 2.048523 0.274929 0.047718 0.960280 -0.245883 0.000000 0.000000 0.000000 1.000000
0.961461 -0.010974 -0.274722 0.005596 -0.002571 0.998801 -0.048896 2.045888 0.274929 0.047718 0.960280 -0.246009 0.000000 0.000000 0.000000 1.000000
0.961461 -0.010974 -0.274722 0.005620 -0.002571 0.998801 -0.048896 2.043757 0.274929 0.047718 0.960280 -0.246111 0.000000 0.000000 0.000000 1.000000
0.961461 -0.010974 -0.274722 0.005637 -0.002571 0.998801 -0.048896 2.042174 0.274929 0.047718 0.960280 -0.246186 0.000000 0.000000 0.000000 1.000000
0.961461 -0.010974 -0.274722 0.005648 -0.002571 0.998801 -0.048896 2.041191 0.274929 0.047718 0.960280 -0.246233 0.000000 0.000000 0.000000 1.000000
0.961461 -0.010974 -0.274722 0.005652 -0.002571 0.998801 -0.048896 2.040852 0.274929 0.047718 0.960280 -0.246250 0.000000 0.000000 0.000000 1.000000</float_array><technique_common><accessor source="#jnt_hips-Matrix-animation-output-transform-array" count="120" stride="16"><param type="float4x4"/></accessor></technique_common></source><source id="jnt_hips-Interpolations"><Name_array id="jnt_hips-Interpolations-array" count="120">
 LINEAR LINEAR LINEAR LINEAR LINEAR LINEAR LINEAR LINEAR LINEAR LINEAR LINEAR
LINEAR LINEAR LINEAR LINEAR LINEAR LINEAR LINEAR LINEAR LINEAR LINEAR LINEAR LINEAR
LINEAR LINEAR LINEAR LINEAR LINEAR LINEAR LINEAR LINEAR LINEAR LINEAR LINEAR LINEAR
LINEAR LINEAR LINEAR LINEAR LINEAR LINEAR LINEAR LINEAR LINEAR LINEAR LINEAR LINEAR
LINEAR LINEAR LINEAR LINEAR LINEAR LINEAR LINEAR LINEAR LINEAR LINEAR LINEAR LINEAR
LINEAR LINEAR LINEAR LINEAR LINEAR LINEAR LINEAR LINEAR LINEAR LINEAR LINEAR LINEAR
LINEAR LINEAR LINEAR LINEAR LINEAR LINEAR LINEAR LINEAR LINEAR LINEAR LINEAR LINEAR
LINEAR LINEAR LINEAR LINEAR LINEAR LINEAR LINEAR LINEAR LINEAR LINEAR LINEAR LINEAR
LINEAR LINEAR LINEAR LINEAR LINEAR LINEAR LINEAR LINEAR LINEAR LINEAR LINEAR LINEAR
LINEAR LINEAR LINEAR LINEAR LINEAR LINEAR LINEAR LINEAR LINEAR LINEAR LINEAR LINEAR
LINEAR</Name_array><technique_common><accessor source="#jnt_hips-Interpolations-array" count="120"><param type="name"/></accessor></technique_common></source><sampler id="jnt_hips-Matrix-animation-transform"><input semantic="INPUT" source="#jnt_hips-Matrix-animation-input"/><input semantic="OUTPUT" source="#jnt_hips-Matrix-animation-output-transform"/><input semantic="INTERPOLATION" source="#jnt_hips-Interpolations"/></sampler><channel source="#jnt_hips-Matrix-animation-transform" target="jnt_hips/matrix"/></animation></animation>
    <animation id="jnt_right_upleg-anim" name="jnt_right_upleg"><animation><source id="jnt_right_upleg-Matrix-animation-input"><float_array id="jnt_right_upleg-Matrix-animation-input-array" count="120">

0.000000 0.033333 0.066667 0.100000 0.133333 0.166667 0.200000 0.233333 0.266667 0.300000 0.333333 0.366667 0.400000 0.433333 0.466667 0.500000
0.533333 0.566667 0.600000 0.633333 0.666667 0.700000 0.733333 0.766667 0.800000 0.833333 0.866667 0.900000 0.933333 0.966667 1.000000 1.033333
1.066667 1.100000 1.133333 1.166667 1.200000 1.233333 1.266667 1.300000 1.333333 1.366667 1.400000 1.433333 1.466667 1.500000 1.533333 1.566667
1.600000 1.633333 1.666667 1.700000 1.733333 1.766667 1.800000 1.833333 1.866667 1.900000 1.933333 1.966667 2.000000 2.033333 2.066667 2.100000
2.133333 2.166667 2.200000 2.233333 2.266667 2.300000 2.333333 2.366667 2.400000 2.433333 2.466667 2.500000 2.533333 2.566667 2.600000 2.633333
2.666667 2.700000 2.733333 2.766667 2.800000 2.833333 2.866667 2.900000 2.933333 2.966667 3.000000 3.033333 3.066667 3.100000 3.133333 3.166667
3.200000 3.233333 3.266667 3.300000 3.333333 3.366667 3.400000 3.433333 3.466667 3.500000 3.533333 3.566667 3.600000 3.633333 3.666667 3.700000
3.733333 3.766667 3.800000 3.833333 3.866667 3.900000 3.933333 3.966667</float_array><technique_common><accessor source="#jnt_right_upleg-Matrix-animation-input-array" count="120"><param name="TIME" type="float"/></accessor></technique_common></source><source id="jnt_right_upleg-Matrix-animation-output-transform"><float_array id="jnt_right_upleg-Matrix-animation-output-transform-array" count="1920">

-0.006333 0.068567 -0.997626 -0.446780 -0.641652 0.764901 0.056645 -0.111214 0.766970 0.640488 0.039152 0.043020 0.000000 0.000000 0.000000 1.000000
-0.006585 0.068554 -0.997626 -0.446780 -0.643511 0.763334 0.056702 -0.111214 0.765408 0.642357 0.039088 0.043020 0.000000 0.000000 0.000000 1.000000
-0.007318 0.068513 -0.997623 -0.446780 -0.648884 0.758759 0.056868 -0.111214 0.760852 0.647758 0.038905 0.043020 0.000000 0.000000 0.000000 1.000000
-0.008487 0.068437 -0.997619 -0.446780 -0.657426 0.751350 0.057136 -0.111214 0.753471 0.656346 0.038615 0.043020 0.000000 0.000000 0.000000 1.000000
-0.010051 0.068314 -0.997613 -0.446780 -0.668750 0.741261 0.057498 -0.111214 0.743419 0.667732 0.038235 0.043020 0.000000 0.000000 0.000000 1.000000
-0.011962 0.068131 -0.997605 -0.446780 -0.682443 0.728638 0.057945 -0.111214 0.730841 0.681502 0.037780 0.043020 0.000000 0.000000 0.000000 1.000000
-0.014172 0.067875 -0.997593 -0.446780 -0.698088 0.713621 0.058471 -0.111214 0.715872 0.697236 0.037269 0.043020 0.000000 0.000000 0.000000 1.000000
-0.016636 0.067528 -0.997579 -0.446780 -0.715270 0.696347 0.059065 -0.111214 0.698650 0.714521 0.036717 0.043020 0.000000 0.000000 0.000000 1.000000
-0.019307 0.067080 -0.997561 -0.446780 -0.733593 0.676960 0.059719 -0.111214 0.679314 0.732957 0.036140 0.043020 0.000000 0.000000 0.000000 1.000000
-0.022141 0.066519 -0.997540 -0.446780 -0.752681 0.655607 0.060424 -0.111214 0.658013 0.752167 0.035552 0.043020 0.000000 0.000000 0.000000 1.000000
-0.025096 0.065835 -0.997515 -0.446780 -0.772190 0.632441 0.061168 -0.111214 0.634896 0.771806 0.034965 0.043020 0.000000 0.000000 0.000000 1.000000
-0.028134 0.065022 -0.997487 -0.446780 -0.791807 0.607622 0.061942 -0.111214 0.610123 0.791560 0.034390 0.043020 0.000000 0.000000 0.000000 1.000000
-0.031218 0.064079 -0.997456 -0.446780 -0.811255 0.581317 0.062736 -0.111214 0.583858 0.811150 0.033836 0.043020 0.000000 0.000000 0.000000 1.000000
-0.034315 0.063003 -0.997423 -0.446780 -0.830287 0.553702 0.063540 -0.111214 0.556278 0.830328 0.033310 0.043020 0.000000 0.000000 0.000000 1.000000
-0.037394 0.061800 -0.997388 -0.446780 -0.848690 0.524962 0.064347 -0.111214 0.527567 0.848879 0.032819 0.043020 0.000000 0.000000 0.000000 1.000000
-0.040427 0.060476 -0.997351 -0.446780 -0.866281 0.495291 0.065147 -0.111214 0.497919 0.866619 0.032366 0.043020 0.000000 0.000000 0.000000 1.000000
-0.043390 0.059040 -0.997312 -0.446780 -0.882906 0.464898 0.065934 -0.111214 0.467542 0.883393 0.031955 0.043020 0.000000 0.000000 0.000000 1.000000
-0.046260 0.057506 -0.997273 -0.446780 -0.898438 0.434006 0.066701 -0.111214 0.436658 0.899073 0.031588 0.043020 0.000000 0.000000 0.000000 1.000000
-0.049018 0.055889 -0.997233 -0.446780 -0.912775 0.402855 0.067444 -0.111214 0.405510 0.913556 0.031267 0.043020 0.000000 0.000000 0.000000 1.000000
-0.051647 0.054209 -0.997193 -0.446780 -0.925843 0.371712 0.068159 -0.111214 0.374363 0.926764 0.030992 0.043020 0.000000 0.000000 0.000000 1.000000
-0.054132 0.052489 -0.997153 -0.446780 -0.937586 0.340872 0.068841 -0.111214 0.343516 0.938643 0.030761 0.043020 0.000000 0.000000 0.000000 1.000000
-0.056458 0.050756 -0.997114 -0.446780 -0.947977 0.310661 0.069489 -0.111214 0.313291 0.949165 0.030576 0.043020 0.000000 0.000000 0.000000 1.000000
-0.058611 0.049037 -0.997076 -0.446780 -0.957014 0.281443 0.070098 -0.111214 0.284058 0.958324 0.030434 0.043020 0.000000 0.000000 0.000000 1.000000
-0.060579 0.047367 -0.997039 -0.446780 -0.964715 0.253635 0.070665 -0.111214 0.256231 0.966140 0.030331 0.043020 0.000000 0.000000 0.000000 1.000000
-0.062347 0.045783 -0.997004 -0.446780 -0.971127 0.227696 0.071185 -0.111214 0.230273 0.972655 0.030265 0.043020 0.000000 0.000000 0.000000 1.000000
-0.063898 0.044326 -0.996972 -0.446780 -0.976316 0.204142 0.071651 -0.111214 0.206700 0.977937 0.030232 0.043020 0.000000 0.000000 0.000000 1.000000
-0.065214 0.043041 -0.996943 -0.446780 -0.980369 0.183532 0.072053 -0.111214 0.186072 0.982071 0.030228 0.043020 0.000000 0.000000 0.000000 1.000000
-0.066273 0.041977 -0.996918 -0.446780 -0.983386 0.166471 0.072383 -0.111214 0.168996 0.985152 0.030247 0.043020 0.000000 0.000000 0.000000 1.000000
-0.067053 0.041180 -0.996899 -0.446780 -0.985465 0.153570 0.072627 -0.111214 0.156085 0.987279 0.030284 0.043020 0.000000 0.000000 0.000000 1.000000
-0.067526 0.040698 -0.996887 -0.446780 -0.986687 0.145437 0.072773 -0.111214 0.147946 0.988530 0.030335 0.043020 0.000000 0.000000 0.000000 1.000000
-0.067668 0.040572 -0.996883 -0.446780 -0.987096 0.142617 0.072808 -0.111214 0.145127 0.988946 0.030398 0.043020 0.000000 0.000000 0.000000 1.000000
-0.067481 0.040847 -0.996884 -0.446780 -0.986683 0.145481 0.072752 -0.111214 0.147999 0.988518 0.030486 0.043020 0.000000 0.000000 0.000000 1.000000
-0.067000 0.041519 -0.996889 -0.446780 -0.985434 0.153764 0.072634 -0.111214 0.156301 0.987235 0.030612 0.043020 0.000000 0.000000 0.000000 1.000000
-0.066244 0.042546 -0.996896 -0.446780 -0.983302 0.166929 0.072465 -0.111214 0.169493 0.985051 0.030777 0.043020 0.000000 0.000000 0.000000 1.000000
-0.065236 0.043876 -0.996905 -0.446780 -0.980195 0.184379 0.072258 -0.111214 0.186979 0.981875 0.030979 0.043020 0.000000 0.000000 0.000000 1.000000
-0.063997 0.045460 -0.996914 -0.446780 -0.976002 0.205503 0.072026 -0.111214 0.208144 0.977600 0.031218 0.043020 0.000000 0.000000 0.000000 1.000000
-0.062546 0.047248 -0.996923 -0.446780 -0.970608 0.229712 0.071782 -0.111214 0.232397 0.972111 0.031492 0.043020 0.000000 0.000000 0.000000 1.000000
-0.060899 0.049192 -0.996931 -0.446780 -0.963909 0.256442 0.071536 -0.111214 0.259174 0.965307 0.031800 0.043020 0.000000 0.000000 0.000000 1.000000
-0.059074 0.051250 -0.996937 -0.446780 -0.955819 0.285178 0.071297 -0.111214 0.287958 0.957103 0.032139 0.043020 0.000000 0.000000 0.000000 1.000000
-0.057084 0.053382 -0.996941 -0.446780 -0.946278 0.315447 0.071074 -0.111214 0.318277 0.947440 0.032507 0.043020 0.000000 0.000000 0.000000 1.000000
-0.054943 0.055554 -0.996943 -0.446780 -0.935247 0.346829 0.070870 -0.111214 0.349706 0.936282 0.032900 0.043020 0.000000 0.000000 0.000000 1.000000
-0.052667 0.057735 -0.996942 -0.446780 -0.922719 0.378936 0.070691 -0.111214 0.381859 0.923620 0.033315 0.043020 0.000000 0.000000 0.000000 1.000000
-0.050269 0.059898 -0.996938 -0.446780 -0.908710 0.411424 0.070540 -0.111214 0.414389 0.909474 0.033748 0.043020 0.000000 0.000000 0.000000 1.000000
-0.047764 0.062020 -0.996931 -0.446780 -0.893269 0.443973 0.070418 -0.111214 0.446978 0.893891 0.034195 0.043020 0.000000 0.000000 0.000000 1.000000
-0.045168 0.064081 -0.996922 -0.446780 -0.876468 0.476296 0.070327 -0.111214 0.479336 0.876947 0.034651 0.043020 0.000000 0.000000 0.000000 1.000000
-0.042501 0.066062 -0.996910 -0.446780 -0.858415 0.508121 0.070268 -0.111214 0.511193 0.858749 0.035113 0.043020 0.000000 0.000000 0.000000 1.000000
-0.039781 0.067950 -0.996895 -0.446780 -0.839245 0.539198 0.070243 -0.111214 0.542297 0.839433 0.035577 0.043020 0.000000 0.000000 0.000000 1.000000
-0.037031 0.069732 -0.996878 -0.446780 -0.819130 0.569290 0.070250 -0.111214 0.572411 0.819174 0.036038 0.043020 0.000000 0.000000 0.000000 1.000000
-0.034273 0.071397 -0.996859 -0.446780 -0.798275 0.598177 0.070288 -0.111215 0.601317 0.798177 0.036494 0.043020 0.000000 0.000000 0.000000 1.000000
-0.031533 0.072938 -0.996838 -0.446780 -0.776924 0.625652 0.070355 -0.111215 0.628805 0.776685 0.036939 0.043020 0.000000 0.000000 0.000000 1.000000
-0.028841 0.074349 -0.996815 -0.446780 -0.755358 0.651515 0.070449 -0.111214 0.654678 0.754984 0.037370 0.043020 0.000000 0.000000 0.000000 1.000000
-0.026227 0.075625 -0.996791 -0.446780 -0.733894 0.675589 0.070566 -0.111215 0.678758 0.733389 0.037782 0.043020 0.000000 0.000000 0.000000 1.000000
-0.023724 0.076764 -0.996767 -0.446780 -0.712889 0.697704 0.070700 -0.111214 0.700876 0.712261 0.038171 0.043020 0.000000 0.000000 0.000000 1.000000
-0.021368 0.077764 -0.996743 -0.446780 -0.692732 0.717707 0.070845 -0.111215 0.720879 0.691989 0.038534 0.043020 0.000000 0.000000 0.000000 1.000000
-0.019198 0.078627 -0.996719 -0.446780 -0.673844 0.735455 0.070996 -0.111214 0.738624 0.672996 0.038863 0.043020 0.000000 0.000000 0.000000 1.000000
-0.017251 0.079355 -0.996697 -0.446780 -0.656664 0.750820 0.071144 -0.111214 0.753986 0.655722 0.039157 0.043020 0.000000 0.000000 0.000000 1.000000
-0.015569 0.079948 -0.996677 -0.446780 -0.641645 0.763683 0.071282 -0.111214 0.766844 0.640622 0.039408 0.043020 0.000000 0.000000 0.000000 1.000000
-0.014193 0.080409 -0.996661 -0.446780 -0.629241 0.773924 0.071400 -0.111214 0.777081 0.628153 0.039612 0.043020 0.000000 0.000000 0.000000 1.000000
-0.013164 0.080741 -0.996648 -0.446780 -0.619894 0.781422 0.071493 -0.111215 0.784575 0.618757 0.039764 0.043020 0.000000 0.000000 0.000000 1.000000
-0.012520 0.080942 -0.996640 -0.446780 -0.614019 0.786041 0.071552 -0.111214 0.789192 0.612852 0.039859 0.043020 0.000000 0.000000 0.000000 1.000000
-0.012299 0.081011 -0.996637 -0.446780 -0.611987 0.787623 0.071573 -0.111214 0.790772 0.610809 0.039891 0.043020 0.000000 0.000000 0.000000 1.000000
-0.012348 0.080825 -0.996652 -0.446780 -0.613882 0.786166 0.071361 -0.111215 0.789302 0.612707 0.039909 0.043020 0.000000 0.000000 0.000000 1.000000
-0.012493 0.080287 -0.996694 -0.446780 -0.619365 0.781909 0.070749 -0.111215 0.785003 0.618201 0.039958 0.043020 0.000000 0.000000 0.000000 1.000000
-0.012727 0.079428 -0.996759 -0.446780 -0.628093 0.775003 0.069777 -0.111215 0.778034 0.626946 0.040025 0.043020 0.000000 0.000000 0.000000 1.000000
-0.013043 0.078284 -0.996846 -0.446780 -0.639691 0.765574 0.068492 -0.111215 0.768521 0.638567 0.040093 0.043020 0.000000 0.000000 0.000000 1.000000
-0.013437 0.076890 -0.996949 -0.446780 -0.653760 0.753735 0.066943 -0.111214 0.756582 0.652665 0.040140 0.043020 0.000000 0.000000 0.000000 1.000000
-0.013905 0.075281 -0.997065 -0.446780 -0.669895 0.739589 0.065183 -0.111215 0.742326 0.668835 0.040146 0.043020 0.000000 0.000000 0.000000 1.000000
-0.014447 0.073487 -0.997192 -0.446780 -0.687695 0.723238 0.063261 -0.111215 0.725856 0.686677 0.040088 0.043020 0.000000 0.000000 0.000000 1.000000
-0.015059 0.071539 -0.997324 -0.446780 -0.706772 0.704787 0.061227 -0.111214 0.707282 0.705802 0.039949 0.043020 0.000000 0.000000 0.000000 1.000000
-0.015743 0.069460 -0.997461 -0.446780 -0.726761 0.684341 0.059126 -0.111215 0.686710 0.725846 0.039707 0.043020 0.000000 0.000000 0.000000 1.000000
-0.016498 0.067271 -0.997598 -0.446780 -0.747319 0.662016 0.057000 -0.111214 0.664260 0.746465 0.039351 0.043020 0.000000 0.000000 0.000000 1.000000
-0.017321 0.064988 -0.997736 -0.446780 -0.768137 0.637929 0.054887 -0.111215 0.640052 0.767348 0.038870 0.043020 0.000000 0.000000 0.000000 1.000000
-0.018213 0.062623 -0.997871 -0.446780 -0.788929 0.612210 0.052819 -0.111215 0.614214 0.788211 0.038255 0.043020 0.000000 0.000000 0.000000 1.000000
-0.019167 0.060185 -0.998003 -0.446780 -0.809441 0.584998 0.050825 -0.111214 0.586889 0.808799 0.037504 0.043020 0.000000 0.000000 0.000000 1.000000
-0.020178 0.057683 -0.998131 -0.446780 -0.829446 0.556441 0.048925 -0.111215 0.558223 0.828883 0.036617 0.043020 0.000000 0.000000 0.000000 1.000000
-0.021236 0.055124 -0.998254 -0.446780 -0.848742 0.526701 0.047140 -0.111215 0.528380 0.848261 0.035601 0.043020 0.000000 0.000000 0.000000 1.000000
-0.022331 0.052517 -0.998370 -0.446780 -0.867156 0.495955 0.045484 -0.111214 0.497535 0.866759 0.034465 0.043020 0.000000 0.000000 0.000000 1.000000
-0.023448 0.049871 -0.998480 -0.446780 -0.884536 0.464396 0.043967 -0.111215 0.465883 0.884222 0.033223 0.043020 0.000000 0.000000 0.000000 1.000000
-0.024576 0.047200 -0.998583 -0.446780 -0.900750 0.432245 0.042599 -0.111214 0.433643 0.900520 0.031893 0.043020 0.000000 0.000000 0.000000 1.000000
-0.025698 0.044521 -0.998678 -0.446780 -0.915691 0.399747 0.041383 -0.111215 0.401061 0.915544 0.030495 0.043020 0.000000 0.000000 0.000000 1.000000
-0.026799 0.041856 -0.998764 -0.446780 -0.929273 0.367185 0.040322 -0.111214 0.368419 0.929206 0.029055 0.043020 0.000000 0.000000 0.000000 1.000000
-0.027866 0.039232 -0.998842 -0.446780 -0.941433 0.334887 0.039418 -0.111214 0.336046 0.941441 0.027602 0.043020 0.000000 0.000000 0.000000 1.000000
-0.028884 0.036680 -0.998910 -0.446780 -0.952130 0.303238 0.038666 -0.111214 0.304325 0.952209 0.026166 0.043020 0.000000 0.000000 0.000000 1.000000
-0.029840 0.034239 -0.998968 -0.446780 -0.961350 0.272687 0.038063 -0.111214 0.273709 0.961493 0.024779 0.043020 0.000000 0.000000 0.000000 1.000000
-0.030723 0.031950 -0.999017 -0.446780 -0.969105 0.243766 0.037599 -0.111214 0.244727 0.969308 0.023474 0.043020 0.000000 0.000000 0.000000 1.000000
-0.031515 0.029863 -0.999057 -0.446780 -0.975438 0.217098 0.037260 -0.111214 0.218006 0.975693 0.022288 0.043020 0.000000 0.000000 0.000000 1.000000
-0.032206 0.028030 -0.999088 -0.446780 -0.980419 0.193410 0.037031 -0.111214 0.194271 0.980718 0.021252 0.043020 0.000000 0.000000 0.000000 1.000000
-0.032777 0.026506 -0.999111 -0.446780 -0.984141 0.173512 0.036889 -0.111214 0.174335 0.984475 0.020398 0.043020 0.000000 0.000000 0.000000 1.000000
-0.033209 0.025351 -0.999127 -0.446780 -0.986708 0.158278 0.036812 -0.111214 0.159073 0.987069 0.019757 0.043020 0.000000 0.000000 0.000000 1.000000
-0.033481 0.024621 -0.999136 -0.446780 -0.988216 0.148584 0.036777 -0.111214 0.149361 0.988593 0.019356 0.043020 0.000000 0.000000 0.000000 1.000000
-0.033576 0.024368 -0.999139 -0.446780 -0.988718 0.145207 0.036767 -0.111214 0.145978 0.989101 0.019217 0.043020 0.000000 0.000000 0.000000 1.000000
-0.033462 0.024590 -0.999137 -0.446780 -0.988212 0.148615 0.036753 -0.111214 0.149391 0.988589 0.019327 0.043020 0.000000 0.000000 0.000000 1.000000
-0.033132 0.025227 -0.999133 -0.446780 -0.986694 0.158387 0.036719 -0.111214 0.159176 0.987055 0.019643 0.043020 0.000000 0.000000 0.000000 1.000000
-0.032612 0.026232 -0.999124 -0.446780 -0.984116 0.173696 0.036683 -0.111214 0.174506 0.984450 0.020150 0.043020 0.000000 0.000000 0.000000 1.000000
-0.031928 0.027550 -0.999110 -0.446780 -0.980390 0.193624 0.036669 -0.111214 0.194462 0.980689 0.020828 0.043020 0.000000 0.000000 0.000000 1.000000
-0.031103 0.029127 -0.999092 -0.446780 -0.975427 0.217247 0.036700 -0.111214 0.218119 0.975682 0.021654 0.043020 0.000000 0.000000 0.000000 1.000000
-0.030159 0.030908 -0.999067 -0.446780 -0.969148 0.243718 0.036796 -0.111214 0.244628 0.969353 0.022604 0.043020 0.000000 0.000000 0.000000 1.000000
-0.029111 0.032847 -0.999036 -0.446780 -0.961504 0.272294 0.036970 -0.111214 0.273246 0.961653 0.023655 0.043020 0.000000 0.000000 0.000000 1.000000
-0.027974 0.034898 -0.998999 -0.446780 -0.952473 0.302338 0.037232 -0.111214 0.303335 0.952562 0.024782 0.043020 0.000000 0.000000 0.000000 1.000000
-0.026761 0.037023 -0.998956 -0.446780 -0.942066 0.333315 0.037590 -0.111214 0.334358 0.942088 0.025958 0.043020 0.000000 0.000000 0.000000 1.000000
-0.025484 0.039188 -0.998907 -0.446780 -0.930315 0.364784 0.038045 -0.111214 0.365876 0.930267 0.027161 0.043020 0.000000 0.000000 0.000000 1.000000
-0.024155 0.041365 -0.998852 -0.446780 -0.917280 0.396368 0.038597 -0.111214 0.397510 0.917159 0.028369 0.043020 0.000000 0.000000 0.000000 1.000000
-0.022790 0.043529 -0.998792 -0.446780 -0.903041 0.427758 0.039248 -0.111214 0.428950 0.902844 0.029560 0.043020 0.000000 0.000000 0.000000 1.000000
-0.021402 0.045662 -0.998728 -0.446780 -0.887695 0.458691 0.039994 -0.111214 0.459934 0.887422 0.030717 0.043020 0.000000 0.000000 0.000000 1.000000
-0.020007 0.047748 -0.998659 -0.446780 -0.871361 0.488941 0.040834 -0.111214 0.490235 0.871009 0.031823 0.043020 0.000000 0.000000 0.000000 1.000000
-0.018621 0.049778 -0.998587 -0.446780 -0.854171 0.518313 0.041765 -0.111215 0.519659 0.853741 0.032868 0.043020 0.000000 0.000000 0.000000 1.000000
-0.017258 0.051743 -0.998511 -0.446780 -0.836277 0.546636 0.042781 -0.111214 0.548036 0.835770 0.033838 0.043020 0.000000 0.000000 0.000000 1.000000
-0.015934 0.053640 -0.998433 -0.446780 -0.817846 0.573762 0.043877 -0.111214 0.575216 0.817264 0.034727 0.043020 0.000000 0.000000 0.000000 1.000000
-0.014663 0.055465 -0.998353 -0.446780 -0.799067 0.599553 0.045045 -0.111214 0.601064 0.798411 0.035529 0.043020 0.000000 0.000000 0.000000 1.000000
-0.013454 0.057215 -0.998271 -0.446780 -0.780143 0.623888 0.046272 -0.111214 0.625457 0.779417 0.036242 0.043020 0.000000 0.000000 0.000000 1.000000
-0.012319 0.058886 -0.998189 -0.446780 -0.761302 0.646652 0.047543 -0.111214 0.648281 0.760508 0.036864 0.043020 0.000000 0.000000 0.000000 1.000000
-0.011264 0.060473 -0.998106 -0.446780 -0.742794 0.667736 0.048840 -0.111214 0.669425 0.741938 0.037398 0.043020 0.000000 0.000000 0.000000 1.000000
