<?xml version="1.0" encoding="utf-8"?>
<COLLADA xmlns="http://www.collada.org/2005/11/COLLADASchema" version="1.4.1">
  <asset><contributor><author></author><authoring_tool>FBX COLLADA exporter</authoring_tool><comments></comments></contributor><created>2018-03-28T16:54:12Z</created><keywords></keywords><modified>2018-03-28T16:54:12Z</modified><revision></revision><subject></subject><title></title><unit meter="0.010000" name="centimeter"></unit><up_axis>Y_UP</up_axis></asset>
  <library_animations>
    <animation id="jnt_hips-anim" name="jnt_hips"><animation><source id="jnt_hips-Matrix-animation-input"><float_array id="jnt_hips-Matrix-animation-input-array" count="7">

0.000000 0.033333 0.066667 0.100000 0.133333 0.166667 0.200000</float_array><technique_common><accessor source="#jnt_hips-Matrix-animation-input-array" count="7"><param name="TIME" type="float"/></accessor></technique_common></source><source id="jnt_hips-Matrix-animation-output-transform"><float_array id="jnt_hips-Matrix-animation-output-transform-array" count="112">

0.961461 -0.010974 -0.274722 0.005652 -0.002571 0.998800 -0.048898 1.940699 0.274929 0.047720 0.960279 -0.246250 0.000000 0.000000 0.000000 1.000000
0.962347 -0.022037 -0.270928 0.004257 0.002203 0.997308 -0.073295 1.621826 0.271814 0.069938 0.959805 -0.243758 0.000000 0.000000 0.000000 1.000000
0.962992 -0.030578 -0.267789 0.003172 0.005970 0.995720 -0.092229 1.302706 0.269463 0.087217 0.959053 -0.241804 0.000000 0.000000 0.000000 1.000000
0.962801 -0.027991 -0.268759 0.003502 0.004822 0.996241 -0.086485 1.418090 0.270170 0.081972 0.959317 -0.242399 0.000000 0.000000 0.000000 1.000000
0.962347 -0.022037 -0.270928 0.004257 0.002203 0.997308 -0.073294 1.671902 0.271814 0.069937 0.959805 -0.243758 0.000000 0.000000 0.000000 1.000000
0.961826 -0.015440 -0.273227 0.005090 -0.000658 0.998274 -0.058729 1.925643 0.273662 0.056667 0.960155 -0.245249 0.000000 0.000000 0.000000 1.000000
0.961461 -0.010974 -0.274722 0.005652 -0.002571 0.998801 -0.048896 2.040852 0.274929 0.047718 0.960280 -0.246250 0.000000 0.000000 0.000000 1.000000</float_array><technique_common><accessor source="#jnt_hips-Matrix-animation-output-transform-array" count="7" stride="16"><param type="float4x4"/></accessor></technique_common></source><source id="jnt_hips-Interpolations"><Name_array id="jnt_hips-Interpolations-array" count="7">
 LINEAR LINEAR LINEAR LINEAR LINEAR LINEAR LINEAR</Name_array><technique_common><accessor source="#jnt_hips-Interpolations-array" count="7"><param type="name"/></accessor></technique_common></source><sampler id="jnt_hips-Matrix-animation-transform"><input semantic="INPUT" source="#jnt_hips-Matrix-animation-input"/><input semantic="OUTPUT" source="#jnt_hips-Matrix-animation-output-transform"/><input semantic="INTERPOLATION" source="#jnt_hips-Interpolations"/></sampler><channel source="#jnt_hips-Matrix-animation-transform" target="jnt_hips/matrix"/></animation></animation>
    <animation id="jnt_right_upleg-anim" name="jnt_right_upleg"><animation><source id="jnt_right_upleg-Matrix-animation-input"><float_array id="jnt_right_upleg-Matrix-animation-input-array" count="7">

0.000000 0.033333 0.066667 0.100000 0.133333 0.166667 0.200000</float_array><technique_common><accessor source="#jnt_right_upleg-Matrix-animation-input-array" count="7"><param name="TIME" type="float"/></accessor></technique_common></source><source id="jnt_right_upleg-Matrix-animation-output-transform"><float_array id="jnt_right_upleg-Matrix-animation-output-transform-array" count="112">

-0.156105 -0.161650 -0.974423 -0.446779 -0.987700 0.034508 0.152507 -0.111214 0.008972 0.986245 -0.165049 0.043020 0.000000 0.000000 0.000000 1.000000
-0.196329 -0.020906 -0.980315 -0.446780 -0.876686 0.451534 0.165946 -0.111214 0.439177 0.892009 -0.106977 0.043020 0.000000 0.000000 0.000000 1.000000
-0.233658 0.076462 -0.969308 -0.446780 -0.758907 0.608863 0.230968 -0.111214 0.607836 0.789582 -0.084238 0.043020 0.000000 0.000000 0.000000 1.000000
-0.198669 0.085013 -0.976373 -0.446780 -0.713202 0.670761 0.203523 -0.111214 0.672215 0.736785 -0.072629 0.043020 0.000000 0.000000 0.000000 1.000000
-0.112626 0.075779 -0.990744 -0.446779 -0.664248 0.735803 0.131790 -0.111214 0.738979 0.672942 -0.032534 0.043020 0.000000 0.000000 0.000000 1.000000
-0.036689 0.069054 -0.996938 -0.446780 -0.640771 0.763912 0.076494 -0.111214 0.766855 0.641616 0.016220 0.043020 0.000000 0.000000 0.000000 1.000000
-0.006333 0.068567 -0.997626 -0.446780 -0.641652 0.764901 0.056645 -0.111214 0.766969 0.640488 0.039152 0.043020 0.000000 0.000000 0.000000 1.000000</float_array><technique_common><accessor source="#jnt_right_upleg-Matrix-animation-output-transform-array" count="7" stride="16"><param type="float4x4"/></accessor></technique_common></source><source id="jnt_right_upleg-Interpolations"><Name_array id="jnt_right_upleg-Interpolations-array" count="7">
 LINEAR LINEAR LINEAR LINEAR LINEAR LINEAR LINEAR</Name_array><technique_common><accessor source="#jnt_right_upleg-Interpolations-array" count="7"><param type="name"/></accessor></technique_common></source><sampler id="jnt_right_upleg-Matrix-animation-transform"><input semantic="INPUT" source="#jnt_right_upleg-Matrix-animation-input"/><input semantic="OUTPUT" source="#jnt_right_upleg-Matrix-animation-output-transform"/><input semantic="INTERPOLATION" source="#jnt_right_upleg-Interpolations"/></sampler><channel source="#jnt_right_upleg-Matrix-animation-transform" target="jnt_right_upleg/matrix"/></animation></animation>
    <animation id="jnt_right_uplegroll-anim" name="jnt_right_uplegroll"><animation><source id="jnt_right_uplegroll-Matrix-animation-input"><float_array id="jnt_right_uplegroll-Matrix-animation-input-array" count="7">

0.000000 0.033333 0.066667 0.100000 0.133333 0.166667 0.200000</float_array><technique_common><accessor source="#jnt_right_uplegroll-Matrix-animation-input-array" count="7"><param name="TIME" type="float"/></accessor></technique_common></source><source id="jnt_right_uplegroll-Matrix-animation-output-transform"><float_array id="jnt_right_uplegroll-Matrix-animation-output-transform-array" count="112">

1.000000 0.000000 0.000000 0.430000 0.000000 1.000000 0.000000 0.000000 0.000000 0.000000 1.000000 0.000000 0.000000 0.000000 0.000000 1.000000
1.000000 -0.000000 0.000000 0.430000 0.000000 1.000000 -0.000000 0.000000 0.000000 0.000000 1.000000 0.000000 0.000000 0.000000 0.000000 1.000000
1.000000 0.000000 -0.000000 0.430000 -0.000000 1.000000 -0.000000 0.000000 -0.000000 0.000000 1.000000 0.000000 0.000000 0.000000 0.000000 1.000000
1.000000 0.000000 -0.000000 0.430000 -0.000000 1.000000 -0.000000 0.000000 0.000000 0.000000 1.000000 0.000000 0.000000 0.000000 0.000000 1.000000
1.000000 -0.000000 0.000000 0.430000 0.000000 1.000000 0.000000 0.000000 -0.000000 0.000000 1.000000 0.000000 0.000000 0.000000 0.000000 1.000000
1.000000 0.000000 0.000000 0.430000 0.000000 1.000000 0.000000 -0.000000 -0.000000 0.000000 1.000000 0.000000 0.000000 0.000000 0.000000 1.000000
1.000000 -0.000000 -0.000000 0.430000 -0.000000 1.000000 0.000000 0.000000 0.000000 0.000000 1.000000 -0.000000 0.000000 0.000000 0.000000 1.000000</float_array><technique_common><accessor source="#jnt_right_uplegroll-Matrix-animation-output-transform-array" count="7" stride="16"><param type="float4x4"/></accessor></technique_common></source><source id="jnt_right_uplegroll-Interpolations"><Name_array id="jnt_right_uplegroll-Interpolations-array" count="7">
 LINEAR LINEAR LINEAR LINEAR LINEAR LINEAR LINEAR</Name_array><technique_common><accessor source="#jnt_right_uplegroll-Interpolations-array" count="7"><param type="name"/></accessor></technique_common></source><sampler id="jnt_right_uplegroll-Matrix-animation-transform"><input semantic="INPUT" source="#jnt_right_uplegroll-Matrix-animation-input"/><input semantic="OUTPUT" source="#jnt_right_uplegroll-Matrix-animation-output-transform"/><input semantic="INTERPOLATION" source="#jnt_right_uplegroll-Interpolations"/></sampler><channel source="#jnt_right_uplegroll-Matrix-animation-transform" target="jnt_right_uplegroll/matrix"/></animation></animation>
    <animation id="jnt_right_leg-anim" name="jnt_right_leg"><animation><source id="jnt_right_leg-Matrix-animation-input"><float_array id="jnt_right_leg-Matrix-animation-input-array" count="7">

0.000000 0.033333 0.066667 0.100000 0.133333 0.166667 0.200000</float_array><technique_common><accessor source="#jnt_right_leg-Matrix-animation-input-array" count="7"><param name="TIME" type="float"/></accessor></technique_common></source><source id="jnt_right_leg-Matrix-animation-output-transform"><float_array id="jnt_right_leg-Matrix-animation-output-transform-array" count="112">

0.907695 0.416809 -0.048585 0.860324 -0.419529 0.903922 -0.083187 -0.000000 0.009244 0.095891 0.995349 0.000000 0.000000 0.000000 0.000000 1.000000
0.101593 0.989005 -0.107462 0.860324 -0.994316 0.104407 0.020874 0.000000 0.031864 0.104731 0.993990 0.000000 0.000000 0.000000 0.000000 1.000000
-0.557684 0.830051 -0.001886 0.860324 -0.829519 -0.557242 0.037134 0.000000 0.029772 0.022274 0.999309 0.000000 0.000000 0.000000 0.000000 1.000000
-0.636905 0.770040 0.037292 0.860324 -0.770430 -0.637499 0.005611 -0.000000 0.028094 -0.025158 0.999289 0.000000 0.000000 0.000000 0.000000 1.000000
-0.599246 0.799511 0.041054 0.860324 -0.800041 -0.599921 0.005399 0.000000 0.028945 -0.029609 0.999142 0.000000 0.000000 0.000000 0.000000 1.000000
-0.504307 0.862738 0.036855 0.860324 -0.862980 -0.505045 0.013981 0.000000 0.030676 -0.024754 0.999223 0.000000 0.000000 0.000000 0.000000 1.000000
-0.445873 0.893715 0.049707 0.860324 -0.894542 -0.446863 0.010373 0.000000 0.031483 -0.039840 0.998710 -0.000000 0.000000 0.000000 0.000000 1.000000</float_array><technique_common><accessor source="#jnt_right_leg-Matrix-animation-output-transform-array" count="7" stride="16"><param type="float4x4"/></accessor></technique_common></source><source id="jnt_right_leg-Interpolations"><Name_array id="jnt_right_leg-Interpolations-array" count="7">
 LINEAR LINEAR LINEAR LINEAR LINEAR LINEAR LINEAR</Name_array><technique_common><accessor source="#jnt_right_leg-Interpolations-array" count="7"><param type="name"/></accessor></technique_common></source><sampler id="jnt_right_leg-Matrix-animation-transform"><input semantic="INPUT" source="#jnt_right_leg-Matrix-animation-input"/><input semantic="OUTPUT" source="#jnt_right_leg-Matrix-animation-output-transform"/><input semantic="INTERPOLATION" source="#jnt_right_leg-Interpolations"/></sampler><channel source="#jnt_right_leg-Matrix-animation-transform" target="jnt_right_leg/matrix"/></animation></animation>
    <animation id="jnt_right_legroll-anim" name="jnt_right_legroll"><animation><source id="jnt_right_legroll-Matrix-animation-input"><float_array id="jnt_right_legroll-Matrix-animation-input-array" count="7">

0.000000 0.033333 0.066667 0.100000 0.133333 0.166667 0.200000</float_array><technique_common><accessor source="#jnt_right_legroll-Matrix-animation-input-array" count="7"><param name="TIME" type="float"/></accessor></technique_common></source><source id="jnt_right_legroll-Matrix-animation-output-transform"><float_array id="jnt_right_legroll-Matrix-animation-output-transform-array" count="112">

1.000000 0.000000 0.000000 0.384000 0.000000 1.000000 0.000000 -0.000000 0.000000 -0.000000 1.000000 -0.000000 0.000000 0.000000 0.000000 1.000000
1.000000 0.000000 -0.000000 0.384000 0.000000 0.999993 0.003710 -0.000000 0.000000 -0.003710 0.999993 0.000000 0.000000 0.000000 0.000000 1.000000
1.000000 0.000000 -0.000000 0.384000 0.000000 0.999972 0.007419 0.000000 0.000000 -0.007419 0.999972 -0.000000 0.000000 0.000000 0.000000 1.000000
1.000000 -0.000000 -0.000000 0.384000 0.000000 0.999987 -0.005030 0.000000 0.000000 0.005030 0.999987 -0.000000 0.000000 0.000000 0.000000 1.000000
1.000000 0.000000 -0.000000 0.384000 0.000000 0.999475 -0.032411 0.000000 0.000000 0.032411 0.999475 0.000000 0.000000 0.000000 0.000000 1.000000
1.000000 0.000000 0.000000 0.384000 -0.000000 0.998212 -0.059768 0.000000 0.000000 0.059768 0.998212 -0.000000 0.000000 0.000000 0.000000 1.000000
1.000000 -0.000000 0.000000 0.384000 0.000000 0.997391 -0.072190 -0.000000 0.000000 0.072190 0.997391 0.000000 0.000000 0.000000 0.000000 1.000000</float_array><technique_common><accessor source="#jnt_right_legroll-Matrix-animation-output-transform-array" count="7" stride="16"><param type="float4x4"/></accessor></technique_common></source><source id="jnt_right_legroll-Interpolations"><Name_array id="jnt_right_legroll-Interpolations-array" count="7">
 LINEAR LINEAR LINEAR LINEAR LINEAR LINEAR LINEAR</Name_array><technique_common><accessor source="#jnt_right_legroll-Interpolations-array" count="7"><param type="name"/></accessor></technique_common></source><sampler id="jnt_right_legroll-Matrix-animation-transform"><input semantic="INPUT" source="#jnt_right_legroll-Matrix-animation-input"/><input semantic="OUTPUT" source="#jnt_right_legroll-Matrix-animation-output-transform"/><input semantic="INTERPOLATION" source="#jnt_right_legroll-Interpolations"/></sampler><channel source="#jnt_right_legroll-Matrix-animation-transform" target="jnt_right_legroll/matrix"/></animation></animation>
    <animation id="jnt_right_foot-anim" name="jnt_right_foot"><animation><source id="jnt_right_foot-Matrix-animation-input"><float_array id="jnt_right_foot-Matrix-animation-input-array" count="7">

0.000000 0.033333 0.066667 0.100000 0.133333 0.166667 0.200000</float_array><technique_common><accessor source="#jnt_right_foot-Matrix-animation-input-array" count="7"><param name="TIME" type="float"/></accessor></technique_common></source><source id="jnt_right_foot-Matrix-animation-output-transform"><float_array id="jnt_right_foot-Matrix-animation-output-transform-array" count="112">

0.125478 -0.946435 0.297516 0.768144 0.984179 0.080937 -0.157608 -0.000000 0.125085 0.312586 0.941618 0.000000 0.000000 0.000000 0.000000 1.000000
-0.366729 -0.829659 0.420923 0.768144 0.919439 -0.392240 0.027938 0.000000 0.141924 0.397259 0.906666 0.000000 0.000000 0.000000 0.000000 1.000000
-0.669900 -0.647788 0.362773 0.768145 0.730840 -0.661423 0.168500 -0.000000 0.130794 0.378008 0.916517 -0.000000 0.000000 0.000000 0.000000 1.000000
-0.591103 -0.747955 0.301930 0.768145 0.796930 -0.599337 0.075484 0.000000 0.124499 0.285236 0.950337 0.000000 0.000000 0.000000 0.000000 1.000000
-0.320254 -0.915205 0.244616 0.768144 0.937986 -0.342522 -0.053489 0.000000 0.132740 0.212316 0.968144 0.000000 0.000000 0.000000 0.000000 1.000000
0.001185 -0.984269 0.176674 0.768144 0.991559 -0.021750 -0.127819 0.000000 0.129651 0.175334 0.975935 0.000000 0.000000 0.000000 0.000000 1.000000
0.187647 -0.974170 0.125622 0.768145 0.974138 0.168182 -0.150900 -0.000000 0.125875 0.150689 0.980535 0.000000 0.000000 0.000000 0.000000 1.000000</float_array><technique_common><accessor source="#jnt_right_foot-Matrix-animation-output-transform-array" count="7" stride="16"><param type="float4x4"/></accessor></technique_common></source><source id="jnt_right_foot-Interpolations"><Name_array id="jnt_right_foot-Interpolations-array" count="7">
 LINEAR LINEAR LINEAR LINEAR LINEAR LINEAR LINEAR</Name_array><technique_common><accessor source="#jnt_right_foot-Interpolations-array" count="7"><param type="name"/></accessor></technique_common></source><sampler id="jnt_right_foot-Matrix-animation-transform"><input semantic="INPUT" source="#jnt_right_foot-Matrix-animation-input"/><input semantic="OUTPUT" source="#jnt_right_foot-Matrix-animation-output-transform"/><input semantic="INTERPOLATION" source="#jnt_right_foot-Interpolations"/></sampler><channel source="#jnt_right_foot-Matrix-animation-transform" target="jnt_right_foot/matrix"/></animation></animation>
    <animation id="jnt_right_toebase-anim" name="jnt_right_toebase"><animation><source id="jnt_right_toebase-Matrix-animation-input"><float_array id="jnt_right_toebase-Matrix-animation-input-array" count="7">

0.000000 0.033333 0.066667 0.100000 0.133333 0.166667 0.200000</float_array><technique_common><accessor source="#jnt_right_toebase-Matrix-animation-input-array" count="7"><param name="TIME" type="float"/></accessor></technique_common></source><source id="jnt_right_toebase-Matrix-animation-output-transform"><float_array id="jnt_right_toebase-Matrix-animation-output-transform-array" count="112">

0.918955 -0.394363 -0.000099 0.441847 0.394363 0.918955 0.000327 -0.000000 -0.000038 -0.000340 1.000000 0.000000 0.000000 0.000000 0.000000 1.000000
0.918953 -0.394367 -0.000090 0.441847 0.394367 0.918953 0.000299 -0.000000 -0.000035 -0.000310 1.000000 -0.000000 0.000000 0.000000 0.000000 1.000000
0.918950 -0.394375 -0.000073 0.441847 0.394375 0.918950 0.000243 0.000000 -0.000029 -0.000252 1.000000 0.000000 0.000000 0.000000 0.000000 1.000000
0.918946 -0.394384 -0.000052 0.441847 0.394384 0.918946 0.000174 0.000000 -0.000021 -0.000181 1.000000 -0.000000 0.000000 0.000000 0.000000 1.000000
0.918941 -0.394395 -0.000028 0.441847 0.394395 0.918941 0.000094 -0.000000 -0.000011 -0.000098 1.000000 0.000000 0.000000 0.000000 0.000000 1.000000
0.918937 -0.394403 -0.000008 0.441847 0.394403 0.918937 0.000028 -0.000000 -0.000004 -0.000029 1.000000 -0.000000 0.000000 0.000000 0.000000 1.000000
0.918936 -0.394407 0.000000 0.441847 0.394407 0.918936 0.000000 -0.000000 -0.000000 -0.000000 1.000000 0.000000 0.000000 0.000000 0.000000 1.000000</float_array><technique_common><accessor source="#jnt_right_toebase-Matrix-animation-output-transform-array" count="7" stride="16"><param type="float4x4"/></accessor></technique_common></source><source id="jnt_right_toebase-Interpolations"><Name_array id="jnt_right_toebase-Interpolations-array" count="7">
 LINEAR LINEAR LINEAR LINEAR LINEAR LINEAR LINEAR</Name_array><technique_common><accessor source="#jnt_right_toebase-Interpolations-array" count="7"><param type="name"/></accessor></technique_common></source><sampler id="jnt_right_toebase-Matrix-animation-transform"><input semantic="INPUT" source="#jnt_right_toebase-Matrix-animation-input"/><input semantic="OUTPUT" source="#jnt_right_toebase-Matrix-animation-output-transform"/><input semantic="INTERPOLATION" source="#jnt_right_toebase-Interpolations"/></sampler><channel source="#jnt_right_toebase-Matrix-animation-transform" target="jnt_right_toebase/matrix"/></animation></animation>
    <animation id="jnt_right_toeend-anim" name="jnt_right_toeend"><animation><source id="jnt_right_toeend-Matrix-animation-input"><float_array id="jnt_right_toeend-Matrix-animation-input-array" count="7">

0.000000 0.033333 0.066667 0.100000 0.133333 0.166667 0.200000</float_array><technique_common><accessor source="#jnt_right_toeend-Matrix-animation-input-array" count="7"><param name="TIME" type="float"/></accessor></technique_common></source><source id="jnt_right_toeend-Matrix-animation-output-transform"><float_array id="jnt_right_toeend-Matrix-animation-output-transform-array" count="112">

1.000000 -0.000000 -0.000000 0.379397 -0.000000 1.000000 0.000000 0.000000 0.000000 0.000000 1.000000 -0.000000 0.000000 0.000000 0.000000 1.000000
1.000000 0.000000 -0.000000 0.379397 0.000000 1.000000 -0.000000 0.000000 0.000000 0.000000 1.000000 0.000000 0.000000 0.000000 0.000000 1.000000
1.000000 0.000000 -0.000000 0.379397 -0.000000 1.000000 0.000000 0.000000 0.000000 0.000000 1.000000 -0.000000 0.000000 0.000000 0.000000 1.000000
1.000000 0.000000 -0.000000 0.379397 0.000000 1.000000 0.000000 0.000000 0.000000 0.000000 1.000000 -0.000000 0.000000 0.000000 0.000000 1.000000
1.000000 -0.000000 -0.000000 0.379397 0.000000 1.000000 -0.000000 0.000000 0.000000 0.000000 1.000000 0.000000 0.000000 0.000000 0.000000 1.000000
1.000000 0.000000 0.000000 0.379397 0.000000 1.000000 0.000000 0.000000 0.000000 0.000000 1.000000 -0.000000 0.000000 0.000000 0.000000 1.000000
1.000000 -0.000000 0.000000 0.379397 -0.000000 1.000000 0.000000 0.000000 0.000000 -0.000000 1.000000 -0.000000 0.000000 0.000000 0.000000 1.000000</float_array><technique_common><accessor source="#jnt_right_toeend-Matrix-animation-output-transform-array" count="7" stride="16"><param type="float4x4"/></accessor></technique_common></source><source id="jnt_right_toeend-Interpolations"><Name_array id="jnt_right_toeend-Interpolations-array" count="7">
 LINEAR LINEAR LINEAR LINEAR LINEAR LINEAR LINEAR</Name_array><technique_common><accessor source="#jnt_right_toeend-Interpolations-array" count="7"><param type="name"/></accessor></technique_common></source><sampler id="jnt_right_toeend-Matrix-animation-transform"><input semantic="INPUT" source="#jnt_right_toeend-Matrix-animation-input"/><input semantic="OUTPUT" source="#jnt_right_toeend-Matrix-animation-output-transform"/><input semantic="INTERPOLATION" source="#jnt_right_toeend-Interpolations"/></sampler><channel source="#jnt_right_toeend-Matrix-animation-transform" target="jnt_right_toeend/matrix"/></animation></animation>
    <animation id="jnt_left_upleg-anim" name="jnt_left_upleg"><animation><source id="jnt_left_upleg-Matrix-animation-input"><float_array id="jnt_left_upleg-Matrix-animation-input-array" count="7">

0.000000 0.033333 0.066667 0.100000 0.133333 0.166667 0.200000</float_array><technique_common><accessor source="#jnt_left_upleg-Matrix-animation-input-array" count="7"><param name="TIME" type="float"/></accessor></technique_common></source><source id="jnt_left_upleg-Matrix-animation-output-transform"><float_array id="jnt_left_upleg-Matrix-animation-output-transform-array" count="112">

0.305227 0.332980 -0.892166 0.446779 -0.909126 0.380726 -0.168932 -0.111213 0.283420 0.862654 0.418929 0.043020 0.000000 0.000000 0.000000 1.000000
0.397584 0.097792 -0.912340 0.446779 -0.631034 0.750977 -0.194499 -0.111213 0.666126 0.653047 0.360286 0.043020 0.000000 0.000000 0.000000 1.000000
0.455348 -0.053149 -0.888726 0.446780 -0.363376 0.900195 -0.240014 -0.111213 0.812783 0.432232 0.390589 0.043020 0.000000 0.000000 0.000000 1.000000
0.407392 0.005366 -0.913238 0.446779 -0.443700 0.875193 -0.192790 -0.111213 0.798224 0.483744 0.358928 0.043020 0.000000 0.000000 0.000000 1.000000
0.371311 0.127380 -0.919729 0.446779 -0.577481 0.807339 -0.121325 -0.111213 0.727079 0.576175 0.373334 0.043020 0.000000 0.000000 0.000000 1.000000
0.333936 0.175851 -0.926047 0.446779 -0.647770 0.756510 -0.089932 -0.111213 0.684749 0.629896 0.366537 0.043020 0.000000 0.000000 0.000000 1.000000
0.321357 0.183485 -0.929012 0.446779 -0.660955 0.746010 -0.081291 -0.111212 0.678136 0.640158 0.361011 0.043020 0.000000 0.000000 0.000000 1.000000</float_array><technique_common><accessor source="#jnt_left_upleg-Matrix-animation-output-transform-array" count="7" stride="16"><param type="float4x4"/></accessor></technique_common></source><source id="jnt_left_upleg-Interpolations"><Name_array id="jnt_left_upleg-Interpolations-array" count="7">
 LINEAR LINEAR LINEAR LINEAR LINEAR LINEAR LINEAR</Name_array><technique_common><accessor source="#jnt_left_upleg-Interpolations-array" count="7"><param type="name"/></accessor></technique_common></source><sampler id="jnt_left_upleg-Matrix-animation-transform"><input semantic="INPUT" source="#jnt_left_upleg-Matrix-animation-input"/><input semantic="OUTPUT" source="#jnt_left_upleg-Matrix-animation-output-transform"/><input semantic="INTERPOLATION" source="#jnt_left_upleg-Interpolations"/></sampler><channel source="#jnt_left_upleg-Matrix-animation-transform" target="jnt_left_upleg/matrix"/></animation></animation>
    <animation id="jnt_left_uplegroll-anim" name="jnt_left_uplegroll"><animation><source id="jnt_left_uplegroll-Matrix-animation-input"><float_array id="jnt_left_uplegroll-Matrix-animation-input-array" count="7">

0.000000 0.033333 0.066667 0.100000 0.133333 0.166667 0.200000</float_array><technique_common><accessor source="#jnt_left_uplegroll-Matrix-animation-input-array" count="7"><param name="TIME" type="float"/></accessor></technique_common></source><source id="jnt_left_uplegroll-Matrix-animation-output-transform"><float_array id="jnt_left_uplegroll-Matrix-animation-output-transform-array" count="112">

1.000000 0.000000 0.000000 0.430000 -0.000000 1.000000 -0.000000 -0.000000 -0.000000 -0.000000 1.000000 0.000000 0.000000 0.000000 0.000000 1.000000
1.000000 0.000000 0.000000 0.430000 -0.000000 1.000000 0.000000 -0.000000 -0.000000 0.000000 1.000000 0.000000 0.000000 0.000000 0.000000 1.000000
1.000000 0.000000 0.000000 0.430000 -0.000000 1.000000 0.000000 0.000000 -0.000000 0.000000 1.000000 0.000000 0.000000 0.000000 0.000000 1.000000
1.000000 0.000000 0.000000 0.430000 -0.000000 1.000000 -0.000000 0.000000 0.000000 -0.000000 1.000000 0.000000 0.000000 0.000000 0.000000 1.000000
1.000000 0.000000 -0.000000 0.430000 0.000000 1.000000 0.000000 -0.000000 -0.000000 0.000000 1.000000 0.000000 0.000000 0.000000 0.000000 1.000000
1.000000 0.000000 -0.000000 0.430000 -0.000000 1.000000 0.000000 -0.000000 0.000000 0.000000 1.000000 0.000000 0.000000 0.000000 0.000000 1.000000
1.000000 0.000000 -0.000000 0.430000 0.000000 1.000000 0.000000 -0.000000 0.000000 -0.000000 1.000000 -0.000000 0.000000 0.000000 0.000000 1.000000</float_array><technique_common><accessor source="#jnt_left_uplegroll-Matrix-animation-output-transform-array" count="7" stride="16"><param type="float4x4"/></accessor></technique_common></source><source id="jnt_left_uplegroll-Interpolations"><Name_array id="jnt_left_uplegroll-Interpolations-array" count="7">
 LINEAR LINEAR LINEAR LINEAR LINEAR LINEAR LINEAR</Name_array><technique_common><accessor source="#jnt_left_uplegroll-Interpolations-array" count="7"><param type="name"/></accessor></technique_common></source><sampler id="jnt_left_uplegroll-Matrix-animation-transform"><input semantic="INPUT" source="#jnt_left_uplegroll-Matrix-animation-input"/><input semantic="OUTPUT" source="#jnt_left_uplegroll-Matrix-animation-output-transform"/><input semantic="INTERPOLATION" source="#jnt_left_uplegroll-Interpolations"/></sampler><channel source="#jnt_left_uplegroll-Matrix-animation-transform" target="jnt_left_uplegroll/matrix"/></animation></animation>
    <animation id="jnt_left_leg-anim" name="jnt_left_leg"><animation><source id="jnt_left_leg-Matrix-animation-input"><float_array id="jnt_left_leg-Matrix-animation-input-array" count="7">

0.000000 0.033333 0.066667 0.100000 0.133333 0.166667 0.200000</float_array><technique_common><accessor source="#jnt_left_leg-Matrix-animation-input-array" count="7"><param name="TIME" type="float"/></accessor></technique_common></source><source id="jnt_left_leg-Matrix-animation-output-transform"><float_array id="jnt_left_leg-Matrix-animation-output-transform-array" count="112">

0.894750 0.446492 -0.008209 0.860329 -0.446163 0.893007 -0.058958 0.000000 -0.018994 0.056415 0.998227 0.000001 0.000000 0.000000 0.000000 1.000000
0.139162 0.989397 -0.041566 0.860329 -0.989450 0.137217 -0.046480 0.000000 -0.040283 0.047595 0.998054 0.000001 0.000000 0.000000 0.000000 1.000000
-0.480515 0.870452 -0.106856 0.860328 -0.876157 -0.481782 0.015333 0.000000 -0.038135 0.100990 0.994156 0.000001 0.000000 0.000000 0.000000 1.000000
-0.468686 0.877125 -0.104808 0.860328 -0.882653 -0.469763 0.015706 0.000000 -0.035459 0.099870 0.994368 0.000001 0.000000 0.000000 0.000000 1.000000
-0.295642 0.948430 -0.114350 0.860329 -0.954652 -0.297721 -0.001149 0.000000 -0.035134 0.108825 0.993440 0.000001 0.000000 0.000000 0.000000 1.000000
-0.222914 0.968609 -0.110023 0.860328 -0.974255 -0.225260 -0.009217 0.000000 -0.033711 0.105136 0.993886 0.000001 0.000000 0.000000 0.000000 1.000000
-0.252383 0.961392 -0.109672 0.860328 -0.967063 -0.254481 -0.005342 0.000000 -0.033045 0.104712 0.993953 0.000001 0.000000 0.000000 0.000000 1.000000</float_array><technique_common><accessor source="#jnt_left_leg-Matrix-animation-output-transform-array" count="7" stride="16"><param type="float4x4"/></accessor></technique_common></source><source id="jnt_left_leg-Interpolations"><Name_array id="jnt_left_leg-Interpolations-array" count="7">
 LINEAR LINEAR LINEAR LINEAR LINEAR LINEAR LINEAR</Name_array><technique_common><accessor source="#jnt_left_leg-Interpolations-array" count="7"><param type="name"/></accessor></technique_common></source><sampler id="jnt_left_leg-Matrix-animation-transform"><input semantic="INPUT" source="#jnt_left_leg-Matrix-animation-input"/><input semantic="OUTPUT" source="#jnt_left_leg-Matrix-animation-output-transform"/><input semantic="INTERPOLATION" source="#jnt_left_leg-Interpolations"/></sampler><channel source="#jnt_left_leg-Matrix-animation-transform" target="jnt_left_leg/matrix"/></animation></animation>
    <animation id="jnt_left_legroll-anim" name="jnt_left_legroll"><animation><source id="jnt_left_legroll-Matrix-animation-input"><float_array id="jnt_left_legroll-Matrix-animation-input-array" count="7">

0.000000 0.033333 0.066667 0.100000 0.133333 0.166667 0.200000</float_array><technique_common><accessor source="#jnt_left_legroll-Matrix-animation-input-array" count="7"><param name="TIME" type="float"/></accessor></technique_common></source><source id="jnt_left_legroll-Matrix-animation-output-transform"><float_array id="jnt_left_legroll-Matrix-animation-output-transform-array" count="112">

1.000000 -0.000000 -0.000000 0.384000 0.000000 1.000000 -0.000000 -0.000000 -0.000000 0.000000 1.000000 -0.000000 0.000000 0.000000 0.000000 1.000000
1.000000 -0.000000 -0.000000 0.384000 0.000000 0.999921 0.012549 -0.000000 0.000000 -0.012549 0.999921 -0.000000 0.000000 0.000000 0.000000 1.000000
1.000000 -0.000000 0.000000 0.384000 0.000000 0.999813 -0.019313 -0.000000 0.000000 0.019313 0.999813 0.000000 0.000000 0.000000 0.000000 1.000000
1.000000 0.000000 -0.000000 0.384000 -0.000000 0.999985 -0.005469 0.000000 -0.000000 0.005469 0.999985 0.000000 0.000000 0.000000 0.000000 1.000000
1.000000 0.000000 0.000000 0.384000 -0.000000 0.999936 0.011357 0.000000 -0.000000 -0.011357 0.999936 0.000000 0.000000 0.000000 0.000000 1.000000
1.000000 0.000000 -0.000000 0.384000 -0.000000 0.999890 0.014835 -0.000000 0.000000 -0.014835 0.999890 0.000000 0.000000 0.000000 0.000000 1.000000
1.000000 0.000000 0.000000 0.384000 0.000000 0.999882 0.015332 0.000000 0.000000 -0.015332 0.999882 -0.000000 0.000000 0.000000 0.000000 1.000000</float_array><technique_common><accessor source="#jnt_left_legroll-Matrix-animation-output-transform-array" count="7" stride="16"><param type="float4x4"/></accessor></technique_common></source><source id="jnt_left_legroll-Interpolations"><Name_array id="jnt_left_legroll-Interpolations-array" count="7">
 LINEAR LINEAR LINEAR LINEAR LINEAR LINEAR LINEAR</Name_array><technique_common><accessor source="#jnt_left_legroll-Interpolations-array" count="7"><param type="name"/></accessor></technique_common></source><sampler id="jnt_left_legroll-Matrix-animation-transform"><input semantic="INPUT" source="#jnt_left_legroll-Matrix-animation-input"/><input semantic="OUTPUT" source="#jnt_left_legroll-Matrix-animation-output-transform"/><input semantic="INTERPOLATION" source="#jnt_left_legroll-Interpolations"/></sampler><channel source="#jnt_left_legroll-Matrix-animation-transform" target="jnt_left_legroll/matrix"/></animation></animation>
    <animation id="jnt_left_foot-anim" name="jnt_left_foot"><animation><source id="jnt_left_foot-Matrix-animation-input"><float_array id="jnt_left_foot-Matrix-animation-input-array" count="7">

0.000000 0.033333 0.066667 0.100000 0.133333 0.166667 0.200000</float_array><technique_common><accessor source="#jnt_left_foot-Matrix-animation-input-array" count="7"><param name="TIME" type="float"/></accessor></technique_common></source><source id="jnt_left_foot-Matrix-animation-output-transform"><float_array id="jnt_left_foot-Matrix-animation-output-transform-array" count="112">

0.374901 -0.908009 -0.187001 0.768143 0.926538 0.373786 0.042559 -0.000000 0.031255 -0.189218 0.981437 -0.000001 0.000000 0.000000 0.000000 1.000000
-0.025274 -0.969200 -0.244976 0.768143 0.999625 -0.021929 -0.016374 -0.000000 0.010498 -0.245298 0.969391 -0.000001 0.000000 0.000000 0.000000 1.000000
-0.249232 -0.944542 -0.213830 0.768143 0.967512 -0.233161 -0.097758 -0.000000 0.042479 -0.231248 0.971967 -0.000001 0.000000 0.000000 0.000000 1.000000
-0.198129 -0.959693 -0.199334 0.768142 0.980131 -0.192024 -0.049704 -0.000000 0.009424 -0.205221 0.978670 -0.000001 0.000000 0.000000 0.000000 1.000000
-0.005291 -0.988891 -0.148546 0.768143 0.999613 -0.009288 0.026230 -0.000000 -0.027319 -0.148350 0.988558 -0.000001 0.000000 0.000000 0.000000 1.000000
0.254546 -0.958990 -0.124677 0.768143 0.965692 0.245208 0.085506 -0.000000 -0.051428 -0.142165 0.988506 -0.000001 0.000000 0.000000 0.000000 1.000000
0.432277 -0.894996 -0.110081 0.768143 0.899594 0.419605 0.121088 -0.000000 -0.062183 -0.151372 0.986519 -0.000001 0.000000 0.000000 0.000000 1.000000</float_array><technique_common><accessor source="#jnt_left_foot-Matrix-animation-output-transform-array" count="7" stride="16"><param type="float4x4"/></accessor></technique_common></source><source id="jnt_left_foot-Interpolations"><Name_array id="jnt_left_foot-Interpolations-array" count="7">
 LINEAR LINEAR LINEAR LINEAR LINEAR LINEAR LINEAR</Name_array><technique_common><accessor source="#jnt_left_foot-Interpolations-array" count="7"><param type="name"/></accessor></technique_common></source><sampler id="jnt_left_foot-Matrix-animation-transform"><input semantic="INPUT" source="#jnt_left_foot-Matrix-animation-input"/><input semantic="OUTPUT" source="#jnt_left_foot-Matrix-animation-output-transform"/><input semantic="INTERPOLATION" source="#jnt_left_foot-Interpolations"/></sampler><channel source="#jnt_left_foot-Matrix-animation-transform" target="jnt_left_foot/matrix"/></animation></animation>
    <animation id="jnt_left_toebase-anim" name="jnt_left_toebase"><animation><source id="jnt_left_toebase-Matrix-animation-input"><float_array id="jnt_left_toebase-Matrix-animation-input-array" count="7">

0.000000 0.033333 0.066667 0.100000 0.133333 0.166667 0.200000</float_array><technique_common><accessor source="#jnt_left_toebase-Matrix-animation-input-array" count="7"><param name="TIME" type="float"/></accessor></technique_common></source><source id="jnt_left_toebase-Matrix-animation-output-transform"><float_array id="jnt_left_toebase-Matrix-animation-output-transform-array" count="112">

0.918825 -0.394665 0.000064 0.441847 0.394665 0.918825 0.000073 -0.000000 -0.000088 -0.000042 1.000000 0.000000 0.000000 0.000000 0.000000 1.000000
0.869865 -0.493241 -0.006876 0.441847 0.493289 0.869794 0.011149 -0.000000 0.000482 -0.013090 0.999914 0.000000 0.000000 0.000000 0.000000 1.000000
0.810361 -0.585739 -0.014997 0.441847 0.585930 0.810079 0.021385 -0.000000 -0.000377 -0.026117 0.999659 0.000000 0.000000 0.000000 0.000000 1.000000
0.869903 -0.493174 -0.006916 0.441847 0.493223 0.869832 0.011110 0.000000 0.000537 -0.013075 0.999914 0.000000 0.000000 0.000000 0.000000 1.000000
0.918907 -0.394474 -0.000011 0.441847 0.394474 0.918907 0.000004 0.000000 0.000009 -0.000008 1.000000 0.000000 0.000000 0.000000 0.000000 1.000000
0.918932 -0.394416 -0.000028 0.441847 0.394416 0.918932 -0.000014 0.000000 0.000031 0.000002 1.000000 0.000000 0.000000 0.000000 0.000000 1.000000
0.918936 -0.394407 -0.000038 0.441847 0.394407 0.918936 -0.000021 -0.000000 0.000043 0.000005 1.000000 0.000000 0.000000 0.000000 0.000000 1.000000</float_array><technique_common><accessor source="#jnt_left_toebase-Matrix-animation-output-transform-array" count="7" stride="16"><param type="float4x4"/></accessor></technique_common></source><source id="jnt_left_toebase-Interpolations"><Name_array id="jnt_left_toebase-Interpolations-array" count="7">
 LINEAR LINEAR LINEAR LINEAR LINEAR LINEAR LINEAR</Name_array><technique_common><accessor source="#jnt_left_toebase-Interpolations-array" count="7"><param type="name"/></accessor></technique_common></source><sampler id="jnt_left_toebase-Matrix-animation-transform"><input semantic="INPUT" source="#jnt_left_toebase-Matrix-animation-input"/><input semantic="OUTPUT" source="#jnt_left_toebase-Matrix-animation-output-transform"/><input semantic="INTERPOLATION" source="#jnt_left_toebase-Interpolations"/></sampler><channel source="#jnt_left_toebase-Matrix-animation-transform" target="jnt_left_toebase/matrix"/></animation></animation>
    <animation id="jnt_left_toeend-anim" name="jnt_left_toeend"><animation><source id="jnt_left_toeend-Matrix-animation-input"><float_array id="jnt_left_toeend-Matrix-animation-input-array" count="7">

0.000000 0.033333 0.066667 0.100000 0.133333 0.166667 0.200000</float_array><technique_common><accessor source="#jnt_left_toeend-Matrix-animation-input-array" count="7"><param name="TIME" type="float"/></accessor></technique_common></source><source id="jnt_left_toeend-Matrix-animation-output-transform"><float_array id="jnt_left_toeend-Matrix-animation-output-transform-array" count="112">

1.000000 0.000000 -0.000000 0.379397 -0.000000 1.000000 0.000000 0.000000 0.000000 0.000000 1.000000 0.000000 0.000000 0.000000 0.000000 1.000000
1.000000 -0.000000 0.000000 0.379397 0.000000 1.000000 -0.000000 0.000000 0.000000 -0.000000 1.000000 0.000000 0.000000 0.000000 0.000000 1.000000
1.000000 0.000000 0.000000 0.379397 0.000000 1.000000 0.000000 0.000000 0.000000 0.000000 1.000000 0.000000 0.000000 0.000000 0.000000 1.000000
1.000000 -0.000000 0.000000 0.379397 0.000000 1.000000 0.000000 0.000000 0.000000 0.000000 1.000000 0.000000 0.000000 0.000000 0.000000 1.000000
1.000000 -0.000000 -0.000000 0.379397 0.000000 1.000000 -0.000000 0.000000 0.000000 -0.000000 1.000000 0.000000 0.000000 0.000000 0.000000 1.000000
1.000000 -0.000000 -0.000000 0.379397 0.000000 1.000000 0.000000 0.000000 0.000000 0.000000 1.000000 0.000000 0.000000 0.000000 0.000000 1.000000
1.000000 0.000000 -0.000000 0.379397 -0.000000 1.000000 0.000000 0.000000 0.000000 -0.000000 1.000000 0.000000 0.000000 0.000000 0.000000 1.000000</float_array><technique_common><accessor source="#jnt_left_toeend-Matrix-animation-output-transform-array" count="7" stride="16"><param type="float4x4"/></accessor></technique_common></source><source id="jnt_left_toeend-Interpolations"><Name_array id="jnt_left_toeend-Interpolations-array" count="7">
 LINEAR LINEAR LINEAR LINEAR LINEAR LINEAR LINEAR</Name_array><technique_common><accessor source="#jnt_left_toeend-Interpolations-array" count="7"><param type="name"/></accessor></technique_common></source><sampler id="jnt_left_toeend-Matrix-animation-transform"><input semantic="INPUT" source="#jnt_left_toeend-Matrix-animation-input"/><input semantic="OUTPUT" source="#jnt_left_toeend-Matrix-animation-output-transform"/><input semantic="INTERPOLATION" source="#jnt_left_toeend-Interpolations"/></sampler><channel source="#jnt_left_toeend-Matrix-animation-transform" target="jnt_left_toeend/matrix"/></animation></animation>
    <animation id="jnt_spine1-anim" name="jnt_spine1"><animation><source id="jnt_spine1-Matrix-animation-input"><float_array id="jnt_spine1-Matrix-animation-input-array" count="7">

0.000000 0.033333 0.066667 0.100000 0.133333 0.166667 0.200000</float_array><technique_common><accessor source="#jnt_spine1-Matrix-animation-input-array" count="7"><param name="TIME" type="float"/></accessor></technique_common></source><source id="jnt_spine1-Matrix-animation-output-transform"><float_array id="jnt_spine1-Matrix-animation-output-transform-array" count="112">

0.001149 0.049323 0.998782 0.000000 0.999132 -0.041642 0.000907 0.212132 0.041636 0.997914 -0.049328 0.023482 0.000000 0.000000 0.000000 1.000000
0.014777 0.048179 0.998729 0.000000 0.995133 -0.098030 -0.009995 0.212132 0.097424 0.994017 -0.049394 0.023482 0.000000 0.000000 0.000000 1.000000
0.036312 0.046354 0.998265 -0.000000 0.982101 -0.186398 -0.027069 0.212132 0.184820 0.981380 -0.052293 0.023482 0.000000 0.000000 0.000000 1.000000
0.048611 0.045308 0.997790 -0.000000 0.971005 -0.236243 -0.036579 0.212132 0.234063 0.970637 -0.055478 0.023482 0.000000 0.000000 0.000000 1.000000
