<?xml version="1.0" encoding="utf-8"?>
<COLLADA xmlns="http://www.collada.org/2005/11/COLLADASchema" version="1.4.1">
  <asset><contributor><author></author><authoring_tool>FBX COLLADA exporter</authoring_tool><comments></comments></contributor><created>2018-03-07T15:29:52Z</created><keywords></keywords><modified>2018-03-07T15:29:52Z</modified><revision></revision><subject></subject><title></title><unit meter="0.010000" name="centimeter"></unit><up_axis>Y_UP</up_axis></asset>
  <library_animations>
    <animation id="root_connectortool-anim" name="root_connectortool"><animation><source id="root_connectortool-Matrix-animation-input"><float_array id="root_connectortool-Matrix-animation-input-array" count="21">

0.000000 0.033333 0.066667 0.100000 0.133333 0.166667 0.200000 0.233333 0.266667 0.300000 0.333333 0.366667 0.400000 0.433333 0.466667 0.500000
0.533333 0.566667 0.600000 0.633333 0.666667</float_array><technique_common><accessor source="#root_connectortool-Matrix-animation-input-array" count="21"><param name="TIME" type="float"/></accessor></technique_common></source><source id="root_connectortool-Matrix-animation-output-transform"><float_array id="root_connectortool-Matrix-animation-output-transform-array" count="336">

0.995065 -0.014764 0.098122 -0.078658 0.019781 0.998535 -0.050358 -0.009645 -0.097234 0.052051 0.993899 0.000077 0.000000 0.000000 0.000000 1.000000
0.995065 -0.014764 0.098122 -0.078658 0.019781 0.998535 -0.050358 -0.009645 -0.097234 0.052051 0.993899 0.000077 0.000000 0.000000 0.000000 1.000000
0.995065 -0.014764 0.098122 -0.078658 0.019781 0.998535 -0.050358 -0.009645 -0.097234 0.052051 0.993899 0.000077 0.000000 0.000000 0.000000 1.000000
0.995065 -0.014764 0.098122 -0.078658 0.019781 0.998535 -0.050358 -0.009645 -0.097234 0.052051 0.993899 0.000077 0.000000 0.000000 0.000000 1.000000
0.995065 -0.014764 0.098122 -0.078658 0.019781 0.998535 -0.050358 -0.009645 -0.097234 0.052051 0.993899 0.000077 0.000000 0.000000 0.000000 1.000000
0.995065 -0.014764 0.098122 -0.078658 0.019781 0.998535 -0.050358 -0.009645 -0.097234 0.052051 0.993899 0.000077 0.000000 0.000000 0.000000 1.000000
0.995065 -0.014764 0.098122 -0.078658 0.019781 0.998535 -0.050358 -0.009645 -0.097234 0.052051 0.993899 0.000077 0.000000 0.000000 0.000000 1.000000
0.995065 -0.014764 0.098122 -0.078658 0.019781 0.998535 -0.050358 -0.009645 -0.097234 0.052051 0.993899 0.000077 0.000000 0.000000 0.000000 1.000000
0.995065 -0.014764 0.098122 -0.078658 0.019781 0.998535 -0.050358 -0.009645 -0.097234 0.052051 0.993899 0.000077 0.000000 0.000000 0.000000 1.000000
0.995065 -0.014764 0.098122 -0.078658 0.019781 0.998535 -0.050358 -0.009645 -0.097234 0.052051 0.993899 0.000077 0.000000 0.000000 0.000000 1.000000
0.995065 -0.014764 0.098122 -0.078658 0.019781 0.998535 -0.050358 -0.009645 -0.097234 0.052051 0.993899 0.000077 0.000000 0.000000 0.000000 1.000000
0.995065 -0.014764 0.098122 -0.078658 0.019781 0.998535 -0.050358 -0.009645 -0.097234 0.052051 0.993899 0.000077 0.000000 0.000000 0.000000 1.000000
0.995065 -0.014764 0.098122 -0.078658 0.019781 0.998535 -0.050358 -0.009645 -0.097234 0.052051 0.993899 0.000077 0.000000 0.000000 0.000000 1.000000
0.995065 -0.014764 0.098122 -0.078658 0.019781 0.998535 -0.050358 -0.009645 -0.097234 0.052051 0.993899 0.000077 0.000000 0.000000 0.000000 1.000000
0.995065 -0.014764 0.098122 -0.078658 0.019781 0.998535 -0.050358 -0.009645 -0.097234 0.052051 0.993899 0.000077 0.000000 0.000000 0.000000 1.000000
0.995065 -0.014764 0.098122 -0.078658 0.019781 0.998535 -0.050358 -0.009645 -0.097234 0.052051 0.993899 0.000077 0.000000 0.000000 0.000000 1.000000
0.995065 -0.014764 0.098122 -0.078658 0.019781 0.998535 -0.050358 -0.009645 -0.097234 0.052051 0.993899 0.000077 0.000000 0.000000 0.000000 1.000000
0.995065 -0.014764 0.098122 -0.078658 0.019781 0.998535 -0.050358 -0.009645 -0.097234 0.052051 0.993899 0.000077 0.000000 0.000000 0.000000 1.000000
0.995065 -0.014764 0.098122 -0.078658 0.019781 0.998535 -0.050358 -0.009645 -0.097234 0.052051 0.993899 0.000077 0.000000 0.000000 0.000000 1.000000
0.995065 -0.014764 0.098122 -0.078658 0.019781 0.998535 -0.050358 -0.009645 -0.097234 0.052051 0.993899 0.000077 0.000000 0.000000 0.000000 1.000000
0.995065 -0.014764 0.098122 -0.078658 0.019781 0.998535 -0.050358 -0.009645 -0.097234 0.052051 0.993899 0.000077 0.000000 0.000000 0.000000 1.000000</float_array><technique_common><accessor source="#root_connectortool-Matrix-animation-output-transform-array" count="21" stride="16"><param type="float4x4"/></accessor></technique_common></source><source id="root_connectortool-Interpolations"><Name_array id="root_connectortool-Interpolations-array" count="21">
 LINEAR LINEAR LINEAR LINEAR LINEAR LINEAR LINEAR LINEAR LINEAR LINEAR LINEAR
LINEAR LINEAR LINEAR LINEAR LINEAR LINEAR LINEAR LINEAR LINEAR LINEAR</Name_array><technique_common><accessor source="#root_connectortool-Interpolations-array" count="21"><param type="name"/></accessor></technique_common></source><sampler id="root_connectortool-Matrix-animation-transform"><input semantic="INPUT" source="#root_connectortool-Matrix-animation-input"/><input semantic="OUTPUT" source="#root_connectortool-Matrix-animation-output-transform"/><input semantic="INTERPOLATION" source="#root_connectortool-Interpolations"/></sampler><channel source="#root_connectortool-Matrix-animation-transform" target="root_connectortool/matrix"/></animation></animation>
    <animation id="jnt_trigger-anim" name="jnt_trigger"><animation><source id="jnt_trigger-Matrix-animation-input"><float_array id="jnt_trigger-Matrix-animation-input-array" count="21">

0.000000 0.033333 0.066667 0.100000 0.133333 0.166667 0.200000 0.233333 0.266667 0.300000 0.333333 0.366667 0.400000 0.433333 0.466667 0.500000
0.533333 0.566667 0.600000 0.633333 0.666667</float_array><technique_common><accessor source="#jnt_trigger-Matrix-animation-input-array" count="21"><param name="TIME" type="float"/></accessor></technique_common></source><source id="jnt_trigger-Matrix-animation-output-transform"><float_array id="jnt_trigger-Matrix-animation-output-transform-array" count="336">

1.000000 -0.000000 0.000000 -0.000000 0.000000 1.000000 -0.000000 0.169057 0.000000 0.000000 1.000000 0.287712 0.000000 0.000000 0.000000 1.000000
1.000000 -0.000000 0.000000 -0.000000 0.000000 1.000000 -0.000000 0.169057 0.000000 0.000000 1.000000 0.287712 0.000000 0.000000 0.000000 1.000000
1.000000 -0.000000 0.000000 -0.000000 0.000000 1.000000 -0.000000 0.169057 0.000000 0.000000 1.000000 0.287712 0.000000 0.000000 0.000000 1.000000
1.000000 -0.000000 0.000000 -0.000000 0.000000 1.000000 -0.000000 0.169057 0.000000 0.000000 1.000000 0.287712 0.000000 0.000000 0.000000 1.000000
1.000000 -0.000000 0.000000 -0.000000 0.000000 1.000000 -0.000000 0.169057 0.000000 0.000000 1.000000 0.287712 0.000000 0.000000 0.000000 1.000000
1.000000 -0.000000 0.000000 -0.000000 0.000000 1.000000 -0.000000 0.169057 0.000000 0.000000 1.000000 0.287712 0.000000 0.000000 0.000000 1.000000
1.000000 -0.000000 0.000000 -0.000000 0.000000 1.000000 -0.000000 0.169057 0.000000 0.000000 1.000000 0.287712 0.000000 0.000000 0.000000 1.000000
1.000000 -0.000000 0.000000 -0.000000 0.000000 1.000000 -0.000000 0.169057 0.000000 0.000000 1.000000 0.287712 0.000000 0.000000 0.000000 1.000000
1.000000 -0.000000 0.000000 -0.000000 0.000000 1.000000 -0.000000 0.169057 0.000000 0.000000 1.000000 0.287712 0.000000 0.000000 0.000000 1.000000
1.000000 -0.000000 0.000000 -0.000000 0.000000 1.000000 -0.000000 0.169057 0.000000 0.000000 1.000000 0.287712 0.000000 0.000000 0.000000 1.000000
1.000000 -0.000000 0.000000 -0.000000 0.000000 1.000000 -0.000000 0.169057 0.000000 0.000000 1.000000 0.287712 0.000000 0.000000 0.000000 1.000000
1.000000 -0.000000 0.000000 -0.000000 0.000000 1.000000 -0.000000 0.169057 0.000000 0.000000 1.000000 0.287712 0.000000 0.000000 0.000000 1.000000
1.000000 -0.000000 0.000000 -0.000000 0.000000 1.000000 -0.000000 0.169057 0.000000 0.000000 1.000000 0.287712 0.000000 0.000000 0.000000 1.000000
1.000000 -0.000000 0.000000 -0.000000 0.000000 1.000000 -0.000000 0.169057 0.000000 0.000000 1.000000 0.287712 0.000000 0.000000 0.000000 1.000000
1.000000 -0.000000 0.000000 -0.000000 0.000000 1.000000 -0.000000 0.169057 0.000000 0.000000 1.000000 0.287712 0.000000 0.000000 0.000000 1.000000
1.000000 -0.000000 0.000000 -0.000000 0.000000 1.000000 -0.000000 0.169057 0.000000 0.000000 1.000000 0.287712 0.000000 0.000000 0.000000 1.000000
1.000000 -0.000000 0.000000 -0.000000 0.000000 1.000000 -0.000000 0.169057 0.000000 0.000000 1.000000 0.287712 0.000000 0.000000 0.000000 1.000000
1.000000 -0.000000 0.000000 -0.000000 0.000000 1.000000 -0.000000 0.169057 0.000000 0.000000 1.000000 0.287712 0.000000 0.000000 0.000000 1.000000
1.000000 -0.000000 0.000000 -0.000000 0.000000 1.000000 -0.000000 0.169057 0.000000 0.000000 1.000000 0.287712 0.000000 0.000000 0.000000 1.000000
1.000000 -0.000000 0.000000 -0.000000 0.000000 1.000000 -0.000000 0.169057 0.000000 0.000000 1.000000 0.287712 0.000000 0.000000 0.000000 1.000000
1.000000 -0.000000 0.000000 -0.000000 0.000000 1.000000 -0.000000 0.169057 0.000000 0.000000 1.000000 0.287712 0.000000 0.000000 0.000000 1.000000</float_array><technique_common><accessor source="#jnt_trigger-Matrix-animation-output-transform-array" count="21" stride="16"><param type="float4x4"/></accessor></technique_common></source><source id="jnt_trigger-Interpolations"><Name_array id="jnt_trigger-Interpolations-array" count="21">
 LINEAR LINEAR LINEAR LINEAR LINEAR LINEAR LINEAR LINEAR LINEAR LINEAR LINEAR
LINEAR LINEAR LINEAR LINEAR LINEAR LINEAR LINEAR LINEAR LINEAR LINEAR</Name_array><technique_common><accessor source="#jnt_trigger-Interpolations-array" count="21"><param type="name"/></accessor></technique_common></source><sampler id="jnt_trigger-Matrix-animation-transform"><input semantic="INPUT" source="#jnt_trigger-Matrix-animation-input"/><input semantic="OUTPUT" source="#jnt_trigger-Matrix-animation-output-transform"/><input semantic="INTERPOLATION" source="#jnt_trigger-Interpolations"/></sampler><channel source="#jnt_trigger-Matrix-animation-transform" target="jnt_trigger/matrix"/></animation></animation>
    <animation id="jnt_connectortool-anim" name="jnt_connectortool"><animation><source id="jnt_connectortool-Matrix-animation-input"><float_array id="jnt_connectortool-Matrix-animation-input-array" count="21">

0.000000 0.033333 0.066667 0.100000 0.133333 0.166667 0.200000 0.233333 0.266667 0.300000 0.333333 0.366667 0.400000 0.433333 0.466667 0.500000
0.533333 0.566667 0.600000 0.633333 0.666667</float_array><technique_common><accessor source="#jnt_connectortool-Matrix-animation-input-array" count="21"><param name="TIME" type="float"/></accessor></technique_common></source><source id="jnt_connectortool-Matrix-animation-output-transform"><float_array id="jnt_connectortool-Matrix-animation-output-transform-array" count="336">

1.000000 -0.000000 0.000000 -0.000000 0.000000 1.000000 -0.000000 0.439388 0.000000 0.000000 1.000000 0.253546 0.000000 0.000000 0.000000 1.000000
1.000000 -0.000000 -0.000000 -0.000000 0.000000 0.999933 -0.011535 0.439388 0.000000 0.011535 0.999933 0.253546 0.000000 0.000000 0.000000 1.000000
1.000000 -0.000000 0.000000 -0.000000 0.000000 0.999319 -0.036905 0.439388 0.000000 0.036905 0.999319 0.253546 0.000000 0.000000 0.000000 1.000000
1.000000 -0.000000 0.000000 -0.000000 0.000000 0.998061 -0.062251 0.439388 0.000000 0.062251 0.998061 0.253546 0.000000 0.000000 0.000000 1.000000
1.000000 -0.000000 -0.000000 -0.000000 0.000000 0.997276 -0.073760 0.439388 0.000000 0.073760 0.997276 0.253546 0.000000 0.000000 0.000000 1.000000
1.000000 -0.000000 -0.000000 -0.000000 0.000000 0.998608 -0.052745 0.439388 0.000000 0.052745 0.998608 0.253546 0.000000 0.000000 0.000000 1.000000
1.000000 -0.000000 -0.000000 -0.000000 0.000000 0.999914 -0.013107 0.439388 0.000000 0.013107 0.999914 0.253546 0.000000 0.000000 0.000000 1.000000
1.000000 -0.000000 0.000000 -0.000000 0.000000 0.999951 0.009891 0.439388 0.000000 -0.009891 0.999951 0.253546 0.000000 0.000000 0.000000 1.000000
1.000000 -0.000000 0.000000 -0.000000 0.000000 0.999925 0.012258 0.439388 0.000000 -0.012258 0.999925 0.253546 0.000000 0.000000 0.000000 1.000000
1.000000 -0.000000 0.000000 -0.000000 0.000000 0.999906 0.013694 0.439388 0.000000 -0.013694 0.999906 0.253546 0.000000 0.000000 0.000000 1.000000
1.000000 -0.000000 -0.000000 -0.000000 0.000000 0.999896 0.014432 0.439388 0.000000 -0.014432 0.999896 0.253546 0.000000 0.000000 0.000000 1.000000
1.000000 -0.000000 -0.000000 -0.000000 0.000000 0.999892 0.014703 0.439388 0.000000 -0.014703 0.999892 0.253546 0.000000 0.000000 0.000000 1.000000
1.000000 -0.000000 0.000000 -0.000000 0.000000 0.999891 0.014742 0.439388 0.000000 -0.014742 0.999891 0.253546 0.000000 0.000000 0.000000 1.000000
1.000000 -0.000000 -0.000000 -0.000000 0.000000 0.999900 0.014109 0.439388 0.000000 -0.014109 0.999900 0.253546 0.000000 0.000000 0.000000 1.000000
1.000000 -0.000000 0.000000 -0.000000 0.000000 0.999923 0.012439 0.439388 0.000000 -0.012439 0.999923 0.253546 0.000000 0.000000 0.000000 1.000000
1.000000 -0.000000 0.000000 -0.000000 0.000000 0.999949 0.010078 0.439388 0.000000 -0.010078 0.999949 0.253546 0.000000 0.000000 0.000000 1.000000
1.000000 -0.000000 0.000000 -0.000000 0.000000 0.999973 0.007371 0.439388 0.000000 -0.007371 0.999973 0.253546 0.000000 0.000000 0.000000 1.000000
1.000000 -0.000000 0.000000 -0.000000 0.000000 0.999989 0.004665 0.439388 0.000000 -0.004665 0.999989 0.253546 0.000000 0.000000 0.000000 1.000000
1.000000 -0.000000 -0.000000 -0.000000 0.000000 0.999997 0.002304 0.439388 0.000000 -0.002304 0.999997 0.253546 0.000000 0.000000 0.000000 1.000000
1.000000 -0.000000 0.000000 -0.000000 0.000000 1.000000 0.000633 0.439388 0.000000 -0.000633 1.000000 0.253546 0.000000 0.000000 0.000000 1.000000
1.000000 -0.000000 0.000000 -0.000000 0.000000 1.000000 -0.000000 0.439388 0.000000 0.000000 1.000000 0.253546 0.000000 0.000000 0.000000 1.000000</float_array><technique_common><accessor source="#jnt_connectortool-Matrix-animation-output-transform-array" count="21" stride="16"><param type="float4x4"/></accessor></technique_common></source><source id="jnt_connectortool-Interpolations"><Name_array id="jnt_connectortool-Interpolations-array" count="21">
 LINEAR LINEAR LINEAR LINEAR LINEAR LINEAR LINEAR LINEAR LINEAR LINEAR LINEAR
LINEAR LINEAR LINEAR LINEAR LINEAR LINEAR LINEAR LINEAR LINEAR LINEAR</Name_array><technique_common><accessor source="#jnt_connectortool-Interpolations-array" count="21"><param type="name"/></accessor></technique_common></source><sampler id="jnt_connectortool-Matrix-animation-transform"><input semantic="INPUT" source="#jnt_connectortool-Matrix-animation-input"/><input semantic="OUTPUT" source="#jnt_connectortool-Matrix-animation-output-transform"/><input semantic="INTERPOLATION" source="#jnt_connectortool-Interpolations"/></sampler><channel source="#jnt_connectortool-Matrix-animation-transform" target="jnt_connectortool/matrix"/></animation></animation>
    <animation id="pipe-anim" name="pipe"><animation><source id="pipe-Matrix-animation-input"><float_array id="pipe-Matrix-animation-input-array" count="21">

0.000000 0.033333 0.066667 0.100000 0.133333 0.166667 0.200000 0.233333 0.266667 0.300000 0.333333 0.366667 0.400000 0.433333 0.466667 0.500000
0.533333 0.566667 0.600000 0.633333 0.666667</float_array><technique_common><accessor source="#pipe-Matrix-animation-input-array" count="21"><param name="TIME" type="float"/></accessor></technique_common></source><source id="pipe-Matrix-animation-output-transform"><float_array id="pipe-Matrix-animation-output-transform-array" count="336">

1.000000 -0.000000 -0.000000 -0.000000 0.000000 1.000000 -0.000000 0.392307 0.000000 0.000000 1.000000 1.131839 0.000000 0.000000 0.000000 1.000000
1.000000 -0.000000 -0.000000 -0.000000 0.000000 1.000000 -0.000000 0.392307 0.000000 0.000000 1.000000 1.064644 0.000000 0.000000 0.000000 1.000000
1.000000 0.000000 0.000000 -0.000000 -0.000000 1.000000 -0.000000 0.392307 -0.000000 0.000000 1.000000 0.997450 0.000000 0.000000 0.000000 1.000000
1.000000 0.000000 0.000000 -0.000000 0.000000 1.000000 0.000000 0.392307 0.000000 0.000000 1.000000 1.087342 0.000000 0.000000 0.000000 1.000000
1.000000 -0.000000 -0.000000 -0.000000 -0.000000 1.000000 -0.000000 0.392307 -0.000000 -0.000000 1.000000 1.109414 0.000000 0.000000 0.000000 1.000000
1.000000 0.000000 -0.000000 -0.000000 0.000000 1.000000 0.000000 0.392307 0.000000 -0.000000 1.000000 1.123029 0.000000 0.000000 0.000000 1.000000
1.000000 -0.000000 0.000000 -0.000000 0.000000 1.000000 -0.000000 0.392307 0.000000 0.000000 1.000000 1.129926 0.000000 0.000000 0.000000 1.000000
1.000000 -0.000000 0.000000 -0.000000 -0.000000 1.000000 -0.000000 0.392307 0.000000 0.000000 1.000000 1.131839 0.000000 0.000000 0.000000 1.000000
1.000000 0.000000 -0.000000 -0.000000 0.000000 1.000000 -0.000000 0.392307 0.000000 0.000000 1.000000 1.131839 0.000000 0.000000 0.000000 1.000000
1.000000 0.000000 0.000000 -0.000000 0.000000 1.000000 0.000000 0.392307 0.000000 0.000000 1.000000 1.131839 0.000000 0.000000 0.000000 1.000000
1.000000 -0.000000 0.000000 -0.000000 -0.000000 1.000000 0.000000 0.392307 0.000000 0.000000 1.000000 1.131839 0.000000 0.000000 0.000000 1.000000
1.000000 0.000000 0.000000 -0.000000 0.000000 1.000000 -0.000000 0.392307 0.000000 -0.000000 1.000000 1.131839 0.000000 0.000000 0.000000 1.000000
1.000000 -0.000000 0.000000 -0.000000 0.000000 1.000000 -0.000000 0.392307 0.000000 0.000000 1.000000 1.131839 0.000000 0.000000 0.000000 1.000000
1.000000 0.000000 0.000000 -0.000000 0.000000 1.000000 0.000000 0.392307 0.000000 -0.000000 1.000000 1.131839 0.000000 0.000000 0.000000 1.000000
1.000000 0.000000 0.000000 -0.000000 -0.000000 1.000000 0.000000 0.392307 0.000000 0.000000 1.000000 1.131839 0.000000 0.000000 0.000000 1.000000
1.000000 -0.000000 0.000000 -0.000000 0.000000 1.000000 0.000000 0.392307 0.000000 0.000000 1.000000 1.131839 0.000000 0.000000 0.000000 1.000000
1.000000 0.000000 0.000000 -0.000000 0.000000 1.000000 -0.000000 0.392307 0.000000 0.000000 1.000000 1.131839 0.000000 0.000000 0.000000 1.000000
1.000000 0.000000 -0.000000 -0.000000 -0.000000 1.000000 0.000000 0.392307 0.000000 -0.000000 1.000000 1.131839 0.000000 0.000000 0.000000 1.000000
1.000000 -0.000000 -0.000000 -0.000000 -0.000000 1.000000 0.000000 0.392307 0.000000 -0.000000 1.000000 1.131839 0.000000 0.000000 0.000000 1.000000
1.000000 -0.000000 0.000000 -0.000000 0.000000 1.000000 -0.000000 0.392307 0.000000 0.000000 1.000000 1.131839 0.000000 0.000000 0.000000 1.000000
1.000000 -0.000000 -0.000000 -0.000000 0.000000 1.000000 -0.000000 0.392307 0.000000 0.000000 1.000000 1.131839 0.000000 0.000000 0.000000 1.000000</float_array><technique_common><accessor source="#pipe-Matrix-animation-output-transform-array" count="21" stride="16"><param type="float4x4"/></accessor></technique_common></source><source id="pipe-Interpolations"><Name_array id="pipe-Interpolations-array" count="21">
 LINEAR LINEAR LINEAR LINEAR LINEAR LINEAR LINEAR LINEAR LINEAR LINEAR LINEAR
LINEAR LINEAR LINEAR LINEAR LINEAR LINEAR LINEAR LINEAR LINEAR LINEAR</Name_array><technique_common><accessor source="#pipe-Interpolations-array" count="21"><param type="name"/></accessor></technique_common></source><sampler id="pipe-Matrix-animation-transform"><input semantic="INPUT" source="#pipe-Matrix-animation-input"/><input semantic="OUTPUT" source="#pipe-Matrix-animation-output-transform"/><input semantic="INTERPOLATION" source="#pipe-Interpolations"/></sampler><channel source="#pipe-Matrix-animation-transform" target="pipe/matrix"/></animation></animation>
    <animation id="jnt_gizmo-anim" name="jnt_gizmo"><animation><source id="jnt_gizmo-Matrix-animation-input"><float_array id="jnt_gizmo-Matrix-animation-input-array" count="21">

0.000000 0.033333 0.066667 0.100000 0.133333 0.166667 0.200000 0.233333 0.266667 0.300000 0.333333 0.366667 0.400000 0.433333 0.466667 0.500000
0.533333 0.566667 0.600000 0.633333 0.666667</float_array><technique_common><accessor source="#jnt_gizmo-Matrix-animation-input-array" count="21"><param name="TIME" type="float"/></accessor></technique_common></source><source id="jnt_gizmo-Matrix-animation-output-transform"><float_array id="jnt_gizmo-Matrix-animation-output-transform-array" count="336">

1.000000 -0.000000 -0.000000 -0.000468 0.000000 1.000000 -0.000000 0.403271 0.000000 0.000000 1.000000 -0.032267 0.000000 0.000000 0.000000 1.000000
1.000000 -0.000000 -0.000000 -0.000468 0.000000 1.000000 -0.000000 0.403271 0.000000 0.000000 1.000000 -0.032267 0.000000 0.000000 0.000000 1.000000
1.000000 0.000000 0.000000 -0.000468 -0.000000 1.000000 -0.000000 0.403271 -0.000000 0.000000 1.000000 -0.032267 0.000000 0.000000 0.000000 1.000000
1.000000 0.000000 0.000000 -0.000468 0.000000 1.000000 0.000000 0.403271 0.000000 0.000000 1.000000 -0.032267 0.000000 0.000000 0.000000 1.000000
1.000000 -0.000000 -0.000000 -0.000468 -0.000000 1.000000 -0.000000 0.403271 -0.000000 -0.000000 1.000000 -0.032267 0.000000 0.000000 0.000000 1.000000
1.000000 0.000000 -0.000000 -0.000468 0.000000 1.000000 0.000000 0.403271 0.000000 -0.000000 1.000000 -0.032267 0.000000 0.000000 0.000000 1.000000
1.000000 -0.000000 0.000000 -0.000468 0.000000 1.000000 -0.000000 0.403271 0.000000 0.000000 1.000000 -0.032267 0.000000 0.000000 0.000000 1.000000
1.000000 -0.000000 0.000000 -0.000468 -0.000000 1.000000 -0.000000 0.403271 0.000000 0.000000 1.000000 -0.032267 0.000000 0.000000 0.000000 1.000000
1.000000 0.000000 -0.000000 -0.000468 0.000000 1.000000 -0.000000 0.403271 0.000000 0.000000 1.000000 -0.032267 0.000000 0.000000 0.000000 1.000000
1.000000 0.000000 0.000000 -0.000468 0.000000 1.000000 0.000000 0.403271 0.000000 0.000000 1.000000 -0.032267 0.000000 0.000000 0.000000 1.000000
1.000000 -0.000000 0.000000 -0.000468 -0.000000 1.000000 0.000000 0.403271 0.000000 0.000000 1.000000 -0.032267 0.000000 0.000000 0.000000 1.000000
1.000000 0.000000 0.000000 -0.000468 0.000000 1.000000 -0.000000 0.403271 0.000000 -0.000000 1.000000 -0.032267 0.000000 0.000000 0.000000 1.000000
1.000000 -0.000000 0.000000 -0.000468 0.000000 1.000000 -0.000000 0.403271 0.000000 0.000000 1.000000 -0.032267 0.000000 0.000000 0.000000 1.000000
1.000000 0.000000 0.000000 -0.000468 0.000000 1.000000 0.000000 0.403271 0.000000 -0.000000 1.000000 -0.032267 0.000000 0.000000 0.000000 1.000000
1.000000 0.000000 0.000000 -0.000468 -0.000000 1.000000 0.000000 0.403271 0.000000 0.000000 1.000000 -0.032267 0.000000 0.000000 0.000000 1.000000
1.000000 -0.000000 0.000000 -0.000468 0.000000 1.000000 0.000000 0.403271 0.000000 0.000000 1.000000 -0.032267 0.000000 0.000000 0.000000 1.000000
1.000000 0.000000 0.000000 -0.000468 0.000000 1.000000 -0.000000 0.403271 0.000000 0.000000 1.000000 -0.032267 0.000000 0.000000 0.000000 1.000000
1.000000 0.000000 -0.000000 -0.000468 -0.000000 1.000000 0.000000 0.403271 0.000000 -0.000000 1.000000 -0.032267 0.000000 0.000000 0.000000 1.000000
1.000000 -0.000000 -0.000000 -0.000468 -0.000000 1.000000 0.000000 0.403271 0.000000 -0.000000 1.000000 -0.032267 0.000000 0.000000 0.000000 1.000000
1.000000 -0.000000 0.000000 -0.000468 0.000000 1.000000 -0.000000 0.403271 0.000000 0.000000 1.000000 -0.032267 0.000000 0.000000 0.000000 1.000000
1.000000 -0.000000 -0.000000 -0.000468 0.000000 1.000000 -0.000000 0.403271 0.000000 0.000000 1.000000 -0.032267 0.000000 0.000000 0.000000 1.000000</float_array><technique_common><accessor source="#jnt_gizmo-Matrix-animation-output-transform-array" count="21" stride="16"><param type="float4x4"/></accessor></technique_common></source><source id="jnt_gizmo-Interpolations"><Name_array id="jnt_gizmo-Interpolations-array" count="21">
 LINEAR LINEAR LINEAR LINEAR LINEAR LINEAR LINEAR LINEAR LINEAR LINEAR LINEAR
LINEAR LINEAR LINEAR LINEAR LINEAR LINEAR LINEAR LINEAR LINEAR LINEAR</Name_array><technique_common><accessor source="#jnt_gizmo-Interpolations-array" count="21"><param type="name"/></accessor></technique_common></source><sampler id="jnt_gizmo-Matrix-animation-transform"><input semantic="INPUT" source="#jnt_gizmo-Matrix-animation-input"/><input semantic="OUTPUT" source="#jnt_gizmo-Matrix-animation-output-transform"/><input semantic="INTERPOLATION" source="#jnt_gizmo-Interpolations"/></sampler><channel source="#jnt_gizmo-Matrix-animation-transform" target="jnt_gizmo/matrix"/></animation></animation>
    <animation id="jnt_leftwing-anim" name="jnt_leftwing"><animation><source id="jnt_leftwing-Matrix-animation-input"><float_array id="jnt_leftwing-Matrix-animation-input-array" count="21">

0.000000 0.033333 0.066667 0.100000 0.133333 0.166667 0.200000 0.233333 0.266667 0.300000 0.333333 0.366667 0.400000 0.433333 0.466667 0.500000
0.533333 0.566667 0.600000 0.633333 0.666667</float_array><technique_common><accessor source="#jnt_leftwing-Matrix-animation-input-array" count="21"><param name="TIME" type="float"/></accessor></technique_common></source><source id="jnt_leftwing-Matrix-animation-output-transform"><float_array id="jnt_leftwing-Matrix-animation-output-transform-array" count="336">

0.970716 -0.240228 -0.000000 0.325806 0.240228 0.970716 -0.000000 0.403141 0.000000 0.000000 1.000000 0.243567 0.000000 0.000000 0.000000 1.000000
0.979123 -0.203268 -0.000000 0.325806 0.203268 0.979123 -0.000000 0.403141 0.000000 0.000000 1.000000 0.243567 0.000000 0.000000 0.000000 1.000000
0.920579 -0.390555 0.000000 0.325806 0.390555 0.920579 -0.000000 0.403141 0.000000 0.000000 1.000000 0.243567 0.000000 0.000000 0.000000 1.000000
0.819152 -0.573576 0.000000 0.325806 0.573576 0.819152 0.000000 0.403141 0.000000 0.000000 1.000000 0.243567 0.000000 0.000000 0.000000 1.000000
0.807411 -0.589989 -0.000000 0.325806 0.589989 0.807411 -0.000000 0.403141 -0.000000 0.000000 1.000000 0.243567 0.000000 0.000000 0.000000 1.000000
0.801254 -0.598325 -0.000000 0.325806 0.598325 0.801254 0.000000 0.403141 0.000000 0.000000 1.000000 0.243567 0.000000 0.000000 0.000000 1.000000
0.798964 -0.601379 0.000000 0.325806 0.601379 0.798964 -0.000000 0.403141 -0.000000 0.000000 1.000000 0.243567 0.000000 0.000000 0.000000 1.000000
0.798636 -0.601815 0.000000 0.325806 0.601815 0.798636 -0.000000 0.403141 0.000000 0.000000 1.000000 0.243567 0.000000 0.000000 0.000000 1.000000
0.907859 -0.419276 -0.000000 0.325806 0.419276 0.907859 -0.000000 0.403141 -0.000000 -0.000000 1.000000 0.243567 0.000000 0.000000 0.000000 1.000000
0.999321 -0.036837 0.000000 0.325806 0.036837 0.999321 0.000000 0.403141 0.000000 0.000000 1.000000 0.243567 0.000000 0.000000 0.000000 1.000000
0.984503 0.175367 0.000000 0.325806 -0.175367 0.984503 0.000000 0.403141 0.000000 0.000000 1.000000 0.243567 0.000000 0.000000 0.000000 1.000000
1.000000 0.000000 0.000000 0.325806 0.000000 1.000000 -0.000000 0.403141 0.000000 -0.000000 1.000000 0.243567 0.000000 0.000000 0.000000 1.000000
1.000000 -0.000000 0.000000 0.325806 0.000000 1.000000 -0.000000 0.403141 0.000000 0.000000 1.000000 0.243567 0.000000 0.000000 0.000000 1.000000
1.000000 0.000000 0.000000 0.325806 0.000000 1.000000 0.000000 0.403141 0.000000 -0.000000 1.000000 0.243567 0.000000 0.000000 0.000000 1.000000
1.000000 0.000000 0.000000 0.325806 -0.000000 1.000000 0.000000 0.403141 0.000000 0.000000 1.000000 0.243567 0.000000 0.000000 0.000000 1.000000
1.000000 -0.000000 0.000000 0.325806 0.000000 1.000000 0.000000 0.403141 0.000000 0.000000 1.000000 0.243567 0.000000 0.000000 0.000000 1.000000
1.000000 0.000000 0.000000 0.325806 0.000000 1.000000 -0.000000 0.403141 0.000000 0.000000 1.000000 0.243567 0.000000 0.000000 0.000000 1.000000
1.000000 0.000000 -0.000000 0.325806 -0.000000 1.000000 0.000000 0.403141 0.000000 -0.000000 1.000000 0.243567 0.000000 0.000000 0.000000 1.000000
1.000000 -0.000000 -0.000000 0.325806 -0.000000 1.000000 0.000000 0.403141 0.000000 -0.000000 1.000000 0.243567 0.000000 0.000000 0.000000 1.000000
1.000000 -0.000000 0.000000 0.325806 0.000000 1.000000 -0.000000 0.403141 0.000000 0.000000 1.000000 0.243567 0.000000 0.000000 0.000000 1.000000
1.000000 -0.000000 -0.000000 0.325806 0.000000 1.000000 -0.000000 0.403141 0.000000 0.000000 1.000000 0.243567 0.000000 0.000000 0.000000 1.000000</float_array><technique_common><accessor source="#jnt_leftwing-Matrix-animation-output-transform-array" count="21" stride="16"><param type="float4x4"/></accessor></technique_common></source><source id="jnt_leftwing-Interpolations"><Name_array id="jnt_leftwing-Interpolations-array" count="21">
 LINEAR LINEAR LINEAR LINEAR LINEAR LINEAR LINEAR LINEAR LINEAR LINEAR LINEAR
LINEAR LINEAR LINEAR LINEAR LINEAR LINEAR LINEAR LINEAR LINEAR LINEAR</Name_array><technique_common><accessor source="#jnt_leftwing-Interpolations-array" count="21"><param type="name"/></accessor></technique_common></source><sampler id="jnt_leftwing-Matrix-animation-transform"><input semantic="INPUT" source="#jnt_leftwing-Matrix-animation-input"/><input semantic="OUTPUT" source="#jnt_leftwing-Matrix-animation-output-transform"/><input semantic="INTERPOLATION" source="#jnt_leftwing-Interpolations"/></sampler><channel source="#jnt_leftwing-Matrix-animation-transform" target="jnt_leftwing/matrix"/></animation></animation>
    <animation id="jnt_rightwing-anim" name="jnt_rightwing"><animation><source id="jnt_rightwing-Matrix-animation-input"><float_array id="jnt_rightwing-Matrix-animation-input-array" count="21">

0.000000 0.033333 0.066667 0.100000 0.133333 0.166667 0.200000 0.233333 0.266667 0.300000 0.333333 0.366667 0.400000 0.433333 0.466667 0.500000
0.533333 0.566667 0.600000 0.633333 0.666667</float_array><technique_common><accessor source="#jnt_rightwing-Matrix-animation-input-array" count="21"><param name="TIME" type="float"/></accessor></technique_common></source><source id="jnt_rightwing-Matrix-animation-output-transform"><float_array id="jnt_rightwing-Matrix-animation-output-transform-array" count="336">

0.970716 0.240228 -0.000000 -0.325806 -0.240228 0.970716 -0.000000 0.403141 0.000000 0.000000 1.000000 0.243566 0.000000 0.000000 0.000000 1.000000
0.979123 0.203268 -0.000000 -0.325806 -0.203268 0.979123 -0.000000 0.403141 0.000000 0.000000 1.000000 0.243566 0.000000 0.000000 0.000000 1.000000
0.920579 0.390555 0.000000 -0.325806 -0.390555 0.920579 -0.000000 0.403141 -0.000000 0.000000 1.000000 0.243566 0.000000 0.000000 0.000000 1.000000
0.819152 0.573576 0.000000 -0.325806 -0.573576 0.819152 0.000000 0.403141 0.000000 0.000000 1.000000 0.243566 0.000000 0.000000 0.000000 1.000000
0.807411 0.589989 -0.000000 -0.325806 -0.589989 0.807411 -0.000000 0.403141 0.000000 -0.000000 1.000000 0.243566 0.000000 0.000000 0.000000 1.000000
0.801254 0.598325 -0.000000 -0.325806 -0.598325 0.801254 0.000000 0.403141 0.000000 0.000000 1.000000 0.243566 0.000000 0.000000 0.000000 1.000000
0.798964 0.601379 0.000000 -0.325806 -0.601379 0.798964 -0.000000 0.403141 0.000000 0.000000 1.000000 0.243566 0.000000 0.000000 0.000000 1.000000
0.798636 0.601815 0.000000 -0.325806 -0.601815 0.798636 -0.000000 0.403141 0.000000 0.000000 1.000000 0.243566 0.000000 0.000000 0.000000 1.000000
0.907859 0.419276 -0.000000 -0.325806 -0.419276 0.907859 -0.000000 0.403141 -0.000000 -0.000000 1.000000 0.243566 0.000000 0.000000 0.000000 1.000000
0.999321 0.036837 0.000000 -0.325806 -0.036837 0.999321 0.000000 0.403141 0.000000 -0.000000 1.000000 0.243566 0.000000 0.000000 0.000000 1.000000
0.984503 -0.175367 0.000000 -0.325806 0.175367 0.984503 0.000000 0.403141 0.000000 -0.000000 1.000000 0.243566 0.000000 0.000000 0.000000 1.000000
1.000000 0.000000 0.000000 -0.325806 0.000000 1.000000 -0.000000 0.403141 0.000000 -0.000000 1.000000 0.243566 0.000000 0.000000 0.000000 1.000000
1.000000 -0.000000 0.000000 -0.325806 0.000000 1.000000 -0.000000 0.403141 0.000000 0.000000 1.000000 0.243566 0.000000 0.000000 0.000000 1.000000
1.000000 0.000000 0.000000 -0.325806 0.000000 1.000000 0.000000 0.403141 0.000000 -0.000000 1.000000 0.243566 0.000000 0.000000 0.000000 1.000000
1.000000 0.000000 0.000000 -0.325806 -0.000000 1.000000 0.000000 0.403141 0.000000 0.000000 1.000000 0.243566 0.000000 0.000000 0.000000 1.000000
1.000000 -0.000000 0.000000 -0.325806 0.000000 1.000000 0.000000 0.403141 0.000000 0.000000 1.000000 0.243566 0.000000 0.000000 0.000000 1.000000
1.000000 0.000000 0.000000 -0.325806 0.000000 1.000000 -0.000000 0.403141 0.000000 0.000000 1.000000 0.243566 0.000000 0.000000 0.000000 1.000000
1.000000 0.000000 -0.000000 -0.325806 -0.000000 1.000000 0.000000 0.403141 0.000000 -0.000000 1.000000 0.243566 0.000000 0.000000 0.000000 1.000000
1.000000 -0.000000 -0.000000 -0.325806 -0.000000 1.000000 0.000000 0.403141 0.000000 -0.000000 1.000000 0.243566 0.000000 0.000000 0.000000 1.000000
1.000000 -0.000000 0.000000 -0.325806 0.000000 1.000000 -0.000000 0.403141 0.000000 0.000000 1.000000 0.243566 0.000000 0.000000 0.000000 1.000000
1.000000 -0.000000 -0.000000 -0.325806 0.000000 1.000000 -0.000000 0.403141 0.000000 0.000000 1.000000 0.243566 0.000000 0.000000 0.000000 1.000000</float_array><technique_common><accessor source="#jnt_rightwing-Matrix-animation-output-transform-array" count="21" stride="16"><param type="float4x4"/></accessor></technique_common></source><source id="jnt_rightwing-Interpolations"><Name_array id="jnt_rightwing-Interpolations-array" count="21">
 LINEAR LINEAR LINEAR LINEAR LINEAR LINEAR LINEAR LINEAR LINEAR LINEAR LINEAR
LINEAR LINEAR LINEAR LINEAR LINEAR LINEAR LINEAR LINEAR LINEAR LINEAR</Name_array><technique_common><accessor source="#jnt_rightwing-Interpolations-array" count="21"><param type="name"/></accessor></technique_common></source><sampler id="jnt_rightwing-Matrix-animation-transform"><input semantic="INPUT" source="#jnt_rightwing-Matrix-animation-input"/><input semantic="OUTPUT" source="#jnt_rightwing-Matrix-animation-output-transform"/><input semantic="INTERPOLATION" source="#jnt_rightwing-Interpolations"/></sampler><channel source="#jnt_rightwing-Matrix-animation-transform" target="jnt_rightwing/matrix"/></animation></animation>
  </library_animations>
  <library_visual_scenes>
    <visual_scene id="ani_char_connectortool_use_connect" name="ani_char_connectortool_use_connect">
      <node name="jnt_right_weapon" id="jnt_right_weapon" sid="jnt_right_weapon" type="JOINT"><matrix sid="matrix">1.000000 0.000000 0.000000 0.000000 0.000000 1.000000 0.000000 0.000000 0.000000 0.000000 1.000000 0.000000 0.000000 0.000000 0.000000 1.000000</matrix><extra><technique profile="FCOLLADA"><visibility>0.000000</visibility></technique></extra><node name="root_connectortool" id="root_connectortool" sid="root_connectortool" type="JOINT"><matrix sid="matrix">0.995065 -0.014764 0.098122 -0.078658 0.019781 0.998535 -0.050358 -0.009645 -0.097234 0.052051 0.993899 0.000077 0.000000 0.000000 0.000000 1.000000</matrix><extra><technique profile="FCOLLADA"><visibility>1.000000</visibility></technique></extra><node name="jnt_trigger" id="jnt_trigger" sid="jnt_trigger" type="JOINT"><matrix sid="matrix">1.000000 -0.000000 0.000000 -0.000000 0.000000 1.000000 -0.000000 0.169057 0.000000 0.000000 1.000000 0.287712 0.000000 0.000000 0.000000 1.000000</matrix><extra><technique profile="FCOLLADA"><visibility>1.000000</visibility></technique></extra></node><node name="jnt_connectortool" id="jnt_connectortool" sid="jnt_connectortool" type="JOINT"><matrix sid="matrix">1.000000 -0.000000 0.000000 -0.000000 0.000000 1.000000 -0.000000 0.439388 0.000000 0.000000 1.000000 0.253546 0.000000 0.000000 0.000000 1.000000</matrix><extra><technique profile="FCOLLADA"><visibility>1.000000</visibility></technique></extra><node name="pipe" id="pipe" sid="pipe" type="JOINT"><matrix sid="matrix">1.000000 -0.000000 -0.000000 -0.000000 0.000000 1.000000 -0.000000 0.392307 0.000000 0.000000 1.000000 1.131839 0.000000 0.000000 0.000000 1.000000</matrix><extra><technique profile="FCOLLADA"><visibility>1.000000</visibility></technique></extra></node><node name="jnt_gizmo" id="jnt_gizmo" sid="jnt_gizmo" type="JOINT"><matrix sid="matrix">1.000000 -0.000000 -0.000000 -0.000468 0.000000 1.000000 -0.000000 0.403271 0.000000 0.000000 1.000000 -0.032267 0.000000 0.000000 0.000000 1.000000</matrix><extra><technique profile="FCOLLADA"><visibility>1.000000</visibility></technique></extra></node><node name="jnt_leftwing" id="jnt_leftwing" sid="jnt_leftwing" type="JOINT"><matrix sid="matrix">0.970716 -0.240228 -0.000000 0.325806 0.240228 0.970716 -0.000000 0.403141 0.000000 0.000000 1.000000 0.243567 0.000000 0.000000 0.000000 1.000000</matrix><extra><technique profile="FCOLLADA"><visibility>1.000000</visibility></technique></extra></node><node name="jnt_rightwing" id="jnt_rightwing" sid="jnt_rightwing" type="JOINT"><matrix sid="matrix">0.970716 0.240228 -0.000000 -0.325806 -0.240228 0.970716 -0.000000 0.403141 0.000000 0.000000 1.000000 0.243566 0.000000 0.000000 0.000000 1.000000</matrix><extra><technique profile="FCOLLADA"><visibility>1.000000</visibility></technique></extra></node></node></node></node>
      <extra><technique profile="MAX3D"><frame_rate>30.000000</frame_rate></technique><technique profile="FCOLLADA"><start_time>0.000000</start_time><end_time>8.000000</end_time></technique></extra>
    </visual_scene>
  </library_visual_scenes>
  <scene>
    <instance_visual_scene url="#ani_char_connectortool_use_connect"></instance_visual_scene>
  </scene>
</COLLADA>
