<?xml version="1.0" encoding="utf-8"?>
<COLLADA xmlns="http://www.collada.org/2005/11/COLLADASchema" version="1.4.1">
  <asset><contributor><author></author><authoring_tool>FBX COLLADA exporter</authoring_tool><comments></comments></contributor><created>2018-03-08T17:22:09Z</created><keywords></keywords><modified>2018-03-08T17:22:09Z</modified><revision></revision><subject></subject><title></title><unit meter="0.010000" name="centimeter"></unit><up_axis>Y_UP</up_axis></asset>
  <library_animations>
    <animation id="root_connectortool-anim" name="root_connectortool"><animation><source id="root_connectortool-Matrix-animation-input"><float_array id="root_connectortool-Matrix-animation-input-array" count="41">

0.000000 0.033333 0.066667 0.100000 0.133333 0.166667 0.200000 0.233333 0.266667 0.300000 0.333333 0.366667 0.400000 0.433333 0.466667 0.500000
0.533333 0.566667 0.600000 0.633333 0.666667 0.700000 0.733333 0.766667 0.800000 0.833333 0.866667 0.900000 0.933333 0.966667 1.000000 1.033333
1.066667 1.100000 1.133333 1.166667 1.200000 1.233333 1.266667 1.300000 1.333333</float_array><technique_common><accessor source="#root_connectortool-Matrix-animation-input-array" count="41"><param name="TIME" type="float"/></accessor></technique_common></source><source id="root_connectortool-Matrix-animation-output-transform"><float_array id="root_connectortool-Matrix-animation-output-transform-array" count="656">

0.995065 -0.014764 0.098122 -0.078658 0.019781 0.998535 -0.050358 -0.009645 -0.097234 0.052051 0.993899 0.000077 0.000000 0.000000 0.000000 1.000000
0.995065 -0.014764 0.098122 -0.078658 0.019781 0.998535 -0.050358 -0.009645 -0.097234 0.052051 0.993899 0.000077 0.000000 0.000000 0.000000 1.000000
0.995065 -0.014764 0.098122 -0.078658 0.019781 0.998535 -0.050358 -0.009645 -0.097234 0.052051 0.993899 0.000077 0.000000 0.000000 0.000000 1.000000
0.995065 -0.014764 0.098122 -0.078658 0.019781 0.998535 -0.050358 -0.009645 -0.097234 0.052051 0.993899 0.000077 0.000000 0.000000 0.000000 1.000000
0.995065 -0.014764 0.098122 -0.078658 0.019781 0.998535 -0.050358 -0.009645 -0.097234 0.052051 0.993899 0.000077 0.000000 0.000000 0.000000 1.000000
0.995065 -0.014764 0.098122 -0.078658 0.019781 0.998535 -0.050358 -0.009645 -0.097234 0.052051 0.993899 0.000077 0.000000 0.000000 0.000000 1.000000
0.995065 -0.014764 0.098122 -0.078658 0.019781 0.998535 -0.050358 -0.009645 -0.097234 0.052051 0.993899 0.000077 0.000000 0.000000 0.000000 1.000000
0.995065 -0.014764 0.098122 -0.078658 0.019781 0.998535 -0.050358 -0.009645 -0.097234 0.052051 0.993899 0.000077 0.000000 0.000000 0.000000 1.000000
0.995065 -0.014764 0.098122 -0.078658 0.019781 0.998535 -0.050358 -0.009645 -0.097234 0.052051 0.993899 0.000077 0.000000 0.000000 0.000000 1.000000
0.995065 -0.014764 0.098122 -0.078658 0.019781 0.998535 -0.050358 -0.009645 -0.097234 0.052051 0.993899 0.000077 0.000000 0.000000 0.000000 1.000000
0.995065 -0.014764 0.098122 -0.078658 0.019781 0.998535 -0.050358 -0.009645 -0.097234 0.052051 0.993899 0.000077 0.000000 0.000000 0.000000 1.000000
0.993146 -0.083982 0.081287 -0.111590 0.077194 0.993528 0.083320 -0.058573 -0.087758 -0.076474 0.993202 0.159734 0.000000 0.000000 0.000000 1.000000
0.991137 -0.115822 0.065059 -0.117519 0.097363 0.966523 0.237389 -0.077111 -0.090376 -0.228950 0.969234 0.393496 0.000000 0.000000 0.000000 1.000000
0.987740 -0.134961 0.078457 -0.069331 0.092444 0.910663 0.402676 -0.084361 -0.125794 -0.390486 0.911974 0.701842 0.000000 0.000000 0.000000 1.000000
0.976614 -0.180314 0.117103 0.062020 0.083511 0.820026 0.566201 -0.109557 -0.198121 -0.543180 0.815906 1.028661 0.000000 0.000000 0.000000 1.000000
0.951026 -0.273225 0.144556 0.275103 0.090397 0.693044 0.715205 -0.133832 -0.295596 -0.667111 0.683802 1.290010 0.000000 0.000000 0.000000 1.000000
0.906476 -0.410443 0.099191 0.539023 0.142482 0.518442 0.843159 -0.087121 -0.397493 -0.750170 0.528435 1.444326 0.000000 0.000000 0.000000 1.000000
0.837946 -0.543971 -0.044078 0.807165 0.234732 0.286314 0.928938 0.075345 -0.492695 -0.788746 0.367603 1.508180 0.000000 0.000000 0.000000 1.000000
0.745468 -0.617690 -0.250473 1.021944 0.332021 0.018280 0.943095 0.329750 -0.577961 -0.786209 0.218713 1.496513 0.000000 0.000000 0.000000 1.000000
0.636940 -0.611673 -0.469216 1.163689 0.442289 -0.208572 0.872283 0.474820 -0.631418 -0.763121 0.137689 1.429500 0.000000 0.000000 0.000000 1.000000
0.507494 -0.524820 -0.683384 1.256136 0.533641 -0.431262 0.727489 0.671298 -0.676518 -0.733878 0.061203 1.325499 0.000000 0.000000 0.000000 1.000000
0.371192 -0.314800 -0.873566 1.206838 0.555575 -0.678511 0.480583 1.107056 -0.744011 -0.663720 -0.076963 1.188743 0.000000 0.000000 0.000000 1.000000
0.254694 0.013229 -0.966931 0.992465 0.524767 -0.841763 0.126710 1.563325 -0.812251 -0.539685 -0.221334 0.991308 0.000000 0.000000 0.000000 1.000000
0.187448 0.399795 -0.897233 0.666846 0.457776 -0.843721 -0.280313 1.886425 -0.869083 -0.358187 -0.341170 0.724957 0.000000 0.000000 0.000000 1.000000
0.187271 0.680944 -0.707987 0.564559 0.369849 -0.716578 -0.591377 1.918650 -0.910023 -0.151100 -0.386041 0.391679 0.000000 0.000000 0.000000 1.000000
0.218643 0.844000 -0.489754 0.694595 0.299697 -0.535721 -0.789421 1.666274 -0.928642 0.025824 -0.370076 0.063863 0.000000 0.000000 0.000000 1.000000
0.281862 0.944097 -0.170983 0.723421 0.283512 -0.252205 -0.925210 1.269176 -0.916611 0.212306 -0.338749 -0.190356 0.000000 0.000000 0.000000 1.000000
0.549169 0.809025 0.209503 0.581852 0.165271 0.140601 -0.976175 0.793460 -0.819206 0.570710 -0.056495 -0.299694 0.000000 0.000000 0.000000 1.000000
0.865462 0.396769 0.305860 0.294059 -0.049079 0.674743 -0.736419 0.327779 -0.498565 0.622332 0.603437 -0.216611 0.000000 0.000000 0.000000 1.000000
0.979294 0.116715 0.165410 -0.049687 -0.098653 0.988625 -0.113524 0.049616 -0.176778 0.094855 0.979669 -0.028658 0.000000 0.000000 0.000000 1.000000
0.995065 -0.014764 0.098122 -0.078658 0.019781 0.998535 -0.050358 -0.009645 -0.097234 0.052051 0.993899 0.000077 0.000000 0.000000 0.000000 1.000000
0.995065 -0.014764 0.098122 -0.078658 0.019781 0.998535 -0.050358 -0.009645 -0.097234 0.052051 0.993899 0.000077 0.000000 0.000000 0.000000 1.000000
0.995065 -0.014764 0.098122 -0.078658 0.019781 0.998535 -0.050358 -0.009645 -0.097234 0.052051 0.993899 0.000077 0.000000 0.000000 0.000000 1.000000
0.995065 -0.014764 0.098122 -0.078658 0.019781 0.998535 -0.050358 -0.009645 -0.097234 0.052051 0.993899 0.000077 0.000000 0.000000 0.000000 1.000000
0.995065 -0.014764 0.098122 -0.078658 0.019781 0.998535 -0.050358 -0.009645 -0.097234 0.052051 0.993899 0.000077 0.000000 0.000000 0.000000 1.000000
0.995065 -0.014764 0.098122 -0.078658 0.019781 0.998535 -0.050358 -0.009645 -0.097234 0.052051 0.993899 0.000077 0.000000 0.000000 0.000000 1.000000
0.995065 -0.014764 0.098122 -0.078658 0.019781 0.998535 -0.050358 -0.009645 -0.097234 0.052051 0.993899 0.000077 0.000000 0.000000 0.000000 1.000000
0.995065 -0.014764 0.098122 -0.078658 0.019781 0.998535 -0.050358 -0.009645 -0.097234 0.052051 0.993899 0.000077 0.000000 0.000000 0.000000 1.000000
0.995065 -0.014764 0.098122 -0.078658 0.019781 0.998535 -0.050358 -0.009645 -0.097234 0.052051 0.993899 0.000077 0.000000 0.000000 0.000000 1.000000
0.995065 -0.014764 0.098122 -0.078658 0.019781 0.998535 -0.050358 -0.009645 -0.097234 0.052051 0.993899 0.000077 0.000000 0.000000 0.000000 1.000000
0.995065 -0.014764 0.098122 -0.078658 0.019781 0.998535 -0.050358 -0.009645 -0.097234 0.052051 0.993899 0.000077 0.000000 0.000000 0.000000 1.000000</float_array><technique_common><accessor source="#root_connectortool-Matrix-animation-output-transform-array" count="41" stride="16"><param type="float4x4"/></accessor></technique_common></source><source id="root_connectortool-Interpolations"><Name_array id="root_connectortool-Interpolations-array" count="41">
 LINEAR LINEAR LINEAR LINEAR LINEAR LINEAR LINEAR LINEAR LINEAR LINEAR LINEAR
LINEAR LINEAR LINEAR LINEAR LINEAR LINEAR LINEAR LINEAR LINEAR LINEAR LINEAR LINEAR
LINEAR LINEAR LINEAR LINEAR LINEAR LINEAR LINEAR LINEAR LINEAR LINEAR LINEAR LINEAR
LINEAR LINEAR LINEAR LINEAR LINEAR LINEAR</Name_array><technique_common><accessor source="#root_connectortool-Interpolations-array" count="41"><param type="name"/></accessor></technique_common></source><sampler id="root_connectortool-Matrix-animation-transform"><input semantic="INPUT" source="#root_connectortool-Matrix-animation-input"/><input semantic="OUTPUT" source="#root_connectortool-Matrix-animation-output-transform"/><input semantic="INTERPOLATION" source="#root_connectortool-Interpolations"/></sampler><channel source="#root_connectortool-Matrix-animation-transform" target="root_connectortool/matrix"/></animation></animation>
    <animation id="jnt_trigger-anim" name="jnt_trigger"><animation><source id="jnt_trigger-Matrix-animation-input"><float_array id="jnt_trigger-Matrix-animation-input-array" count="41">

0.000000 0.033333 0.066667 0.100000 0.133333 0.166667 0.200000 0.233333 0.266667 0.300000 0.333333 0.366667 0.400000 0.433333 0.466667 0.500000
0.533333 0.566667 0.600000 0.633333 0.666667 0.700000 0.733333 0.766667 0.800000 0.833333 0.866667 0.900000 0.933333 0.966667 1.000000 1.033333
1.066667 1.100000 1.133333 1.166667 1.200000 1.233333 1.266667 1.300000 1.333333</float_array><technique_common><accessor source="#jnt_trigger-Matrix-animation-input-array" count="41"><param name="TIME" type="float"/></accessor></technique_common></source><source id="jnt_trigger-Matrix-animation-output-transform"><float_array id="jnt_trigger-Matrix-animation-output-transform-array" count="656">

1.000000 -0.000000 0.000000 -0.000000 0.000000 1.000000 -0.000000 0.169057 0.000000 0.000000 1.000000 0.287712 0.000000 0.000000 0.000000 1.000000
1.000000 -0.000000 0.000000 -0.000000 0.000000 1.000000 -0.000000 0.169057 0.000000 0.000000 1.000000 0.287712 0.000000 0.000000 0.000000 1.000000
1.000000 -0.000000 0.000000 -0.000000 0.000000 1.000000 -0.000000 0.169057 0.000000 0.000000 1.000000 0.287711 0.000000 0.000000 0.000000 1.000000
1.000000 -0.000000 0.000000 -0.000000 0.000000 1.000000 -0.000000 0.169057 0.000000 0.000000 1.000000 0.287712 0.000000 0.000000 0.000000 1.000000
1.000000 -0.000000 0.000000 -0.000000 0.000000 1.000000 -0.000000 0.169057 0.000000 0.000000 1.000000 0.287712 0.000000 0.000000 0.000000 1.000000
1.000000 -0.000000 0.000000 -0.000000 0.000000 1.000000 -0.000000 0.169057 0.000000 0.000000 1.000000 0.287712 0.000000 0.000000 0.000000 1.000000
1.000000 -0.000000 0.000000 -0.000000 0.000000 1.000000 -0.000000 0.169057 0.000000 0.000000 1.000000 0.287711 0.000000 0.000000 0.000000 1.000000
1.000000 -0.000000 0.000000 -0.000000 0.000000 1.000000 -0.000000 0.169057 0.000000 0.000000 1.000000 0.287712 0.000000 0.000000 0.000000 1.000000
1.000000 -0.000000 0.000000 -0.000000 0.000000 1.000000 -0.000000 0.169057 0.000000 0.000000 1.000000 0.287713 0.000000 0.000000 0.000000 1.000000
1.000000 -0.000000 0.000000 -0.000000 0.000000 1.000000 -0.000000 0.169057 0.000000 0.000000 1.000000 0.287712 0.000000 0.000000 0.000000 1.000000
1.000000 -0.000000 0.000000 -0.000000 0.000000 1.000000 -0.000000 0.169057 0.000000 0.000000 1.000000 0.277957 0.000000 0.000000 0.000000 1.000000
1.000000 -0.000000 0.000000 -0.000000 0.000000 1.000000 0.000000 0.169057 -0.000000 0.000000 1.000000 0.277957 0.000000 0.000000 0.000000 1.000000
1.000000 -0.000000 0.000000 -0.000000 0.000000 1.000000 -0.000000 0.169057 0.000000 -0.000000 1.000000 0.277957 0.000000 0.000000 0.000000 1.000000
1.000000 -0.000000 0.000000 0.000000 0.000000 1.000000 0.000000 0.169057 0.000000 0.000000 1.000000 0.277957 0.000000 0.000000 0.000000 1.000000
1.000000 -0.000000 0.000000 -0.000000 0.000000 1.000000 0.000000 0.169057 -0.000000 -0.000000 1.000000 0.277957 0.000000 0.000000 0.000000 1.000000
1.000000 0.000000 -0.000000 0.000000 -0.000000 1.000000 0.000000 0.169057 0.000000 0.000000 1.000000 0.277957 0.000000 0.000000 0.000000 1.000000
1.000000 -0.000000 0.000000 -0.000000 0.000000 1.000000 0.000000 0.169057 0.000000 0.000000 1.000000 0.277957 0.000000 0.000000 0.000000 1.000000
1.000000 0.000000 -0.000000 0.000000 -0.000000 1.000000 0.000000 0.169057 0.000000 0.000000 1.000000 0.277957 0.000000 0.000000 0.000000 1.000000
1.000000 -0.000000 0.000000 -0.000000 -0.000000 1.000000 -0.000000 0.169057 0.000000 0.000000 1.000000 0.277957 0.000000 0.000000 0.000000 1.000000
1.000000 -0.000000 -0.000000 -0.000000 0.000000 1.000000 0.000000 0.169057 -0.000000 0.000000 1.000000 0.277957 0.000000 0.000000 0.000000 1.000000
1.000000 -0.000000 -0.000000 -0.000000 0.000000 1.000000 0.000000 0.169057 0.000000 0.000000 1.000000 0.277957 0.000000 0.000000 0.000000 1.000000
1.000000 -0.000000 -0.000000 0.000000 0.000000 1.000000 0.000000 0.169057 -0.000000 0.000000 1.000000 0.277957 0.000000 0.000000 0.000000 1.000000
1.000000 0.000000 0.000000 -0.000000 0.000000 1.000000 0.000000 0.169057 0.000000 -0.000000 1.000000 0.277957 0.000000 0.000000 0.000000 1.000000
1.000000 0.000000 0.000000 -0.000000 0.000000 1.000000 0.000000 0.169057 0.000000 0.000000 1.000000 0.277957 0.000000 0.000000 0.000000 1.000000
1.000000 0.000000 0.000000 0.000000 0.000000 1.000000 -0.000000 0.169057 0.000000 -0.000000 1.000000 0.277957 0.000000 0.000000 0.000000 1.000000
1.000000 -0.000000 -0.000000 0.000000 0.000000 1.000000 0.000000 0.169057 0.000000 -0.000000 1.000000 0.277957 0.000000 0.000000 0.000000 1.000000
1.000000 0.000000 0.000000 -0.000000 0.000000 1.000000 0.000000 0.169057 0.000000 0.000000 1.000000 0.277957 0.000000 0.000000 0.000000 1.000000
1.000000 0.000000 -0.000000 -0.000000 0.000000 1.000000 0.000000 0.169057 0.000000 -0.000000 1.000000 0.277957 0.000000 0.000000 0.000000 1.000000
1.000000 0.000000 0.000000 -0.000000 0.000000 1.000000 0.000000 0.169057 0.000000 0.000000 1.000000 0.277957 0.000000 0.000000 0.000000 1.000000
1.000000 0.000000 -0.000000 -0.000000 0.000000 1.000000 0.000000 0.169057 0.000000 0.000000 1.000000 0.277957 0.000000 0.000000 0.000000 1.000000
1.000000 -0.000000 0.000000 -0.000000 -0.000000 1.000000 0.000000 0.169057 0.000000 -0.000000 1.000000 0.287712 0.000000 0.000000 0.000000 1.000000
1.000000 -0.000000 0.000000 -0.000000 -0.000000 1.000000 0.000000 0.169057 0.000000 -0.000000 1.000000 0.287712 0.000000 0.000000 0.000000 1.000000
1.000000 -0.000000 0.000000 -0.000000 -0.000000 1.000000 0.000000 0.169057 0.000000 -0.000000 1.000000 0.287712 0.000000 0.000000 0.000000 1.000000
1.000000 -0.000000 0.000000 -0.000000 -0.000000 1.000000 0.000000 0.169057 0.000000 -0.000000 1.000000 0.287712 0.000000 0.000000 0.000000 1.000000
1.000000 -0.000000 0.000000 -0.000000 -0.000000 1.000000 0.000000 0.169057 0.000000 -0.000000 1.000000 0.287712 0.000000 0.000000 0.000000 1.000000
1.000000 -0.000000 0.000000 -0.000000 -0.000000 1.000000 0.000000 0.169057 0.000000 -0.000000 1.000000 0.287712 0.000000 0.000000 0.000000 1.000000
1.000000 -0.000000 0.000000 -0.000000 -0.000000 1.000000 0.000000 0.169057 0.000000 -0.000000 1.000000 0.287712 0.000000 0.000000 0.000000 1.000000
1.000000 -0.000000 0.000000 -0.000000 -0.000000 1.000000 0.000000 0.169057 0.000000 -0.000000 1.000000 0.287712 0.000000 0.000000 0.000000 1.000000
1.000000 -0.000000 0.000000 -0.000000 -0.000000 1.000000 0.000000 0.169057 0.000000 -0.000000 1.000000 0.287712 0.000000 0.000000 0.000000 1.000000
1.000000 -0.000000 0.000000 -0.000000 -0.000000 1.000000 0.000000 0.169057 0.000000 -0.000000 1.000000 0.287712 0.000000 0.000000 0.000000 1.000000
1.000000 -0.000000 0.000000 -0.000000 -0.000000 1.000000 0.000000 0.169057 0.000000 -0.000000 1.000000 0.287712 0.000000 0.000000 0.000000 1.000000</float_array><technique_common><accessor source="#jnt_trigger-Matrix-animation-output-transform-array" count="41" stride="16"><param type="float4x4"/></accessor></technique_common></source><source id="jnt_trigger-Interpolations"><Name_array id="jnt_trigger-Interpolations-array" count="41">
 LINEAR LINEAR LINEAR LINEAR LINEAR LINEAR LINEAR LINEAR LINEAR LINEAR LINEAR
LINEAR LINEAR LINEAR LINEAR LINEAR LINEAR LINEAR LINEAR LINEAR LINEAR LINEAR LINEAR
LINEAR LINEAR LINEAR LINEAR LINEAR LINEAR LINEAR LINEAR LINEAR LINEAR LINEAR LINEAR
LINEAR LINEAR LINEAR LINEAR LINEAR LINEAR</Name_array><technique_common><accessor source="#jnt_trigger-Interpolations-array" count="41"><param type="name"/></accessor></technique_common></source><sampler id="jnt_trigger-Matrix-animation-transform"><input semantic="INPUT" source="#jnt_trigger-Matrix-animation-input"/><input semantic="OUTPUT" source="#jnt_trigger-Matrix-animation-output-transform"/><input semantic="INTERPOLATION" source="#jnt_trigger-Interpolations"/></sampler><channel source="#jnt_trigger-Matrix-animation-transform" target="jnt_trigger/matrix"/></animation></animation>
    <animation id="jnt_connectortool-anim" name="jnt_connectortool"><animation><source id="jnt_connectortool-Matrix-animation-input"><float_array id="jnt_connectortool-Matrix-animation-input-array" count="41">

0.000000 0.033333 0.066667 0.100000 0.133333 0.166667 0.200000 0.233333 0.266667 0.300000 0.333333 0.366667 0.400000 0.433333 0.466667 0.500000
0.533333 0.566667 0.600000 0.633333 0.666667 0.700000 0.733333 0.766667 0.800000 0.833333 0.866667 0.900000 0.933333 0.966667 1.000000 1.033333
1.066667 1.100000 1.133333 1.166667 1.200000 1.233333 1.266667 1.300000 1.333333</float_array><technique_common><accessor source="#jnt_connectortool-Matrix-animation-input-array" count="41"><param name="TIME" type="float"/></accessor></technique_common></source><source id="jnt_connectortool-Matrix-animation-output-transform"><float_array id="jnt_connectortool-Matrix-animation-output-transform-array" count="656">

1.000000 -0.000000 0.000000 -0.000000 0.000000 1.000000 0.000000 0.439388 0.000000 -0.000000 1.000000 0.253546 0.000000 0.000000 0.000000 1.000000
1.000000 -0.000000 0.000000 -0.000000 0.000000 1.000000 -0.000000 0.439388 0.000000 0.000000 1.000000 0.253546 0.000000 0.000000 0.000000 1.000000
1.000000 -0.000000 -0.000000 -0.000000 0.000000 1.000000 0.000000 0.439388 0.000000 -0.000000 1.000000 0.253546 0.000000 0.000000 0.000000 1.000000
1.000000 -0.000000 0.000000 -0.000000 0.000000 1.000000 -0.000000 0.439388 0.000000 0.000000 1.000000 0.253546 0.000000 0.000000 0.000000 1.000000
1.000000 -0.000000 0.000000 -0.000000 0.000000 1.000000 0.000001 0.439388 0.000000 -0.000001 1.000000 0.253546 0.000000 0.000000 0.000000 1.000000
1.000000 -0.000000 -0.000000 -0.000000 0.000000 1.000000 0.000000 0.439388 0.000000 -0.000000 1.000000 0.253546 0.000000 0.000000 0.000000 1.000000
1.000000 -0.000000 0.000000 -0.000000 0.000000 1.000000 0.000000 0.439388 0.000000 -0.000000 1.000000 0.253546 0.000000 0.000000 0.000000 1.000000
1.000000 -0.000000 0.000000 -0.000000 0.000000 0.997761 -0.066885 0.439388 0.000000 0.066885 0.997761 0.253546 0.000000 0.000000 0.000000 1.000000
1.000000 -0.000000 0.000000 -0.000000 0.000000 0.973785 -0.227469 0.439388 0.000000 0.227469 0.973785 0.253546 0.000000 0.000000 0.000000 1.000000
1.000000 -0.000000 -0.000000 -0.000000 0.000000 0.908871 -0.417078 0.439388 0.000000 0.417078 0.908871 0.253546 0.000000 0.000000 0.000000 1.000000
1.000000 -0.000000 0.000000 -0.000000 0.000000 0.844580 -0.535429 0.439388 0.000000 0.535429 0.844580 0.253546 0.000000 0.000000 0.000000 1.000000
1.000000 0.000000 0.000000 -0.000000 0.000000 0.783828 -0.620978 0.439388 -0.000000 0.620978 0.783828 0.253546 0.000000 0.000000 0.000000 1.000000
1.000000 -0.000000 0.000000 -0.000000 0.000000 0.756441 -0.654062 0.439388 0.000000 0.654062 0.756441 0.253546 0.000000 0.000000 0.000000 1.000000
1.000000 0.000000 0.000000 0.000000 0.000000 0.733503 -0.679686 0.439388 0.000000 0.679686 0.733503 0.253546 0.000000 0.000000 0.000000 1.000000
1.000000 -0.000000 0.000000 -0.000000 0.000000 0.715036 -0.699087 0.439388 -0.000000 0.699087 0.715036 0.253546 0.000000 0.000000 0.000000 1.000000
1.000000 -0.000000 0.000000 -0.000000 -0.000000 0.700821 -0.713337 0.439388 -0.000000 0.713337 0.700821 0.253546 0.000000 0.000000 0.000000 1.000000
1.000000 0.000000 0.000000 -0.000000 0.000000 0.690460 -0.723371 0.439388 0.000000 0.723371 0.690460 0.253546 0.000000 0.000000 0.000000 1.000000
1.000000 0.000000 0.000000 -0.000000 -0.000000 0.683434 -0.730012 0.439388 0.000000 0.730012 0.683434 0.253546 0.000000 0.000000 0.000000 1.000000
1.000000 0.000000 0.000000 -0.000000 0.000000 0.679141 -0.734008 0.439388 0.000000 0.734008 0.679141 0.253546 0.000000 0.000000 0.000000 1.000000
1.000000 -0.000000 -0.000000 0.000000 0.000000 0.676928 -0.736050 0.439388 -0.000000 0.736050 0.676928 0.253546 0.000000 0.000000 0.000000 1.000000
1.000000 0.000000 0.000000 -0.000000 0.000000 0.676111 -0.736800 0.439388 0.000000 0.736800 0.676111 0.253546 0.000000 0.000000 0.000000 1.000000
1.000000 0.000000 0.000000 0.000000 0.000000 0.675994 -0.736907 0.439388 -0.000000 0.736907 0.675994 0.253546 0.000000 0.000000 0.000000 1.000000
1.000000 0.000000 0.000000 -0.000000 0.000000 0.698147 -0.715954 0.439388 0.000000 0.715954 0.698147 0.253546 0.000000 0.000000 0.000000 1.000000
1.000000 0.000000 -0.000000 -0.000000 0.000000 0.755343 -0.655330 0.439388 0.000000 0.655330 0.755343 0.253546 0.000000 0.000000 0.000000 1.000000
1.000000 0.000000 0.000000 0.000000 0.000000 0.830640 -0.556810 0.439388 0.000000 0.556810 0.830640 0.253546 0.000000 0.000000 0.000000 1.000000
1.000000 -0.000000 -0.000000 0.000000 0.000000 0.905636 -0.424057 0.439388 0.000000 0.424057 0.905636 0.253546 0.000000 0.000000 0.000000 1.000000
1.000000 0.000000 0.000000 0.000000 -0.000000 0.964057 -0.265697 0.439388 0.000000 0.265697 0.964057 0.253546 0.000000 0.000000 0.000000 1.000000
1.000000 0.000000 -0.000000 0.000000 0.000000 0.995422 -0.095582 0.439388 0.000000 0.095582 0.995422 0.253546 0.000000 0.000000 0.000000 1.000000
1.000000 0.000000 -0.000000 -0.000000 0.000000 0.997585 0.069452 0.439388 0.000000 -0.069452 0.997585 0.253546 0.000000 0.000000 0.000000 1.000000
1.000000 -0.000000 0.000000 -0.000000 -0.000000 0.933333 0.359011 0.439388 0.000000 -0.359011 0.933333 0.253546 0.000000 0.000000 0.000000 1.000000
1.000000 0.000000 0.000000 -0.000000 -0.000000 0.857947 0.513738 0.439388 0.000000 -0.513738 0.857947 0.253546 0.000000 0.000000 0.000000 1.000000
1.000000 0.000000 -0.000000 -0.000000 -0.000000 0.934089 0.357041 0.439388 0.000000 -0.357041 0.934089 0.253546 0.000000 0.000000 0.000000 1.000000
1.000000 -0.000000 0.000000 -0.000000 -0.000000 0.999826 -0.018665 0.439388 0.000000 0.018665 0.999826 0.253546 0.000000 0.000000 0.000000 1.000000
1.000000 0.000000 0.000000 -0.000000 -0.000000 0.920112 -0.391655 0.439388 0.000000 0.391655 0.920112 0.253546 0.000000 0.000000 0.000000 1.000000
1.000000 -0.000000 0.000000 -0.000000 -0.000000 0.838175 -0.545401 0.439388 0.000000 0.545401 0.838175 0.253546 0.000000 0.000000 0.000000 1.000000
1.000000 -0.000000 0.000000 -0.000000 -0.000000 0.854480 -0.519484 0.439388 0.000000 0.519484 0.854480 0.253546 0.000000 0.000000 0.000000 1.000000
1.000000 -0.000000 0.000000 -0.000000 -0.000000 0.891900 -0.452232 0.439388 0.000000 0.452232 0.891900 0.253546 0.000000 0.000000 0.000000 1.000000
1.000000 0.000000 0.000000 -0.000000 0.000000 0.932958 -0.359985 0.439388 0.000000 0.359985 0.932958 0.253546 0.000000 0.000000 0.000000 1.000000
1.000000 -0.000000 -0.000000 -0.000000 -0.000000 0.964956 -0.262413 0.439388 0.000000 0.262413 0.964956 0.253546 0.000000 0.000000 0.000000 1.000000
1.000000 -0.000000 -0.000000 -0.000000 -0.000000 0.994095 -0.108511 0.439388 0.000000 0.108511 0.994095 0.253546 0.000000 0.000000 0.000000 1.000000
1.000000 -0.000000 -0.000000 -0.000000 -0.000000 1.000000 0.000000 0.439388 0.000000 -0.000000 1.000000 0.253546 0.000000 0.000000 0.000000 1.000000</float_array><technique_common><accessor source="#jnt_connectortool-Matrix-animation-output-transform-array" count="41" stride="16"><param type="float4x4"/></accessor></technique_common></source><source id="jnt_connectortool-Interpolations"><Name_array id="jnt_connectortool-Interpolations-array" count="41">
 LINEAR LINEAR LINEAR LINEAR LINEAR LINEAR LINEAR LINEAR LINEAR LINEAR LINEAR
LINEAR LINEAR LINEAR LINEAR LINEAR LINEAR LINEAR LINEAR LINEAR LINEAR LINEAR LINEAR
LINEAR LINEAR LINEAR LINEAR LINEAR LINEAR LINEAR LINEAR LINEAR LINEAR LINEAR LINEAR
LINEAR LINEAR LINEAR LINEAR LINEAR LINEAR</Name_array><technique_common><accessor source="#jnt_connectortool-Interpolations-array" count="41"><param type="name"/></accessor></technique_common></source><sampler id="jnt_connectortool-Matrix-animation-transform"><input semantic="INPUT" source="#jnt_connectortool-Matrix-animation-input"/><input semantic="OUTPUT" source="#jnt_connectortool-Matrix-animation-output-transform"/><input semantic="INTERPOLATION" source="#jnt_connectortool-Interpolations"/></sampler><channel source="#jnt_connectortool-Matrix-animation-transform" target="jnt_connectortool/matrix"/></animation></animation>
    <animation id="pipe-anim" name="pipe"><animation><source id="pipe-Matrix-animation-input"><float_array id="pipe-Matrix-animation-input-array" count="41">

0.000000 0.033333 0.066667 0.100000 0.133333 0.166667 0.200000 0.233333 0.266667 0.300000 0.333333 0.366667 0.400000 0.433333 0.466667 0.500000
0.533333 0.566667 0.600000 0.633333 0.666667 0.700000 0.733333 0.766667 0.800000 0.833333 0.866667 0.900000 0.933333 0.966667 1.000000 1.033333
1.066667 1.100000 1.133333 1.166667 1.200000 1.233333 1.266667 1.300000 1.333333</float_array><technique_common><accessor source="#pipe-Matrix-animation-input-array" count="41"><param name="TIME" type="float"/></accessor></technique_common></source><source id="pipe-Matrix-animation-output-transform"><float_array id="pipe-Matrix-animation-output-transform-array" count="656">

1.000000 -0.000000 -0.000000 -0.000000 0.000000 1.000000 0.000000 0.392307 -0.000000 0.000000 1.000000 1.131839 0.000000 0.000000 0.000000 1.000000
1.000000 -0.000000 -0.000000 -0.000000 -0.000000 1.000000 0.000000 0.392307 0.000000 0.000000 1.000000 1.131839 0.000000 0.000000 0.000000 1.000000
1.000000 -0.000000 0.000000 -0.000000 -0.000000 1.000000 0.000000 0.392307 0.000000 0.000000 1.000000 1.131839 0.000000 0.000000 0.000000 1.000000
1.000000 0.000000 -0.000000 -0.000000 0.000000 1.000000 0.000000 0.392307 0.000000 0.000000 1.000000 1.131839 0.000000 0.000000 0.000000 1.000000
1.000000 -0.000000 0.000000 -0.000000 0.000000 1.000000 0.000000 0.392307 0.000000 0.000000 1.000000 1.131839 0.000000 0.000000 0.000000 1.000000
1.000000 -0.000000 0.000000 -0.000000 -0.000000 1.000000 0.000000 0.392307 0.000000 -0.000000 1.000000 1.131839 0.000000 0.000000 0.000000 1.000000
1.000000 0.000000 0.000000 -0.000000 0.000000 1.000000 -0.000000 0.392307 0.000000 -0.000000 1.000000 1.131838 0.000000 0.000000 0.000000 1.000000
1.000000 0.000000 -0.000000 -0.000000 0.000000 1.000000 0.000000 0.392307 0.000000 0.000000 1.000000 1.131839 0.000000 0.000000 0.000000 1.000000
1.000000 0.000000 0.000000 -0.000000 -0.000000 1.000000 0.000000 0.392307 0.000000 0.000000 1.000000 1.131839 0.000000 0.000000 0.000000 1.000000
1.000000 -0.000000 0.000000 -0.000000 0.000000 1.000000 0.000000 0.392307 0.000000 0.000000 1.000000 1.131839 0.000000 0.000000 0.000000 1.000000
1.000000 -0.000000 -0.000000 -0.000000 -0.000000 1.000000 -0.000000 0.392307 -0.000000 -0.000000 1.000000 1.085877 0.000000 0.000000 0.000000 1.000000
1.000000 0.000000 0.000000 -0.000000 -0.000000 1.000000 0.000000 0.392307 0.000000 0.000000 1.000000 1.085702 0.000000 0.000000 0.000000 1.000000
1.000000 0.000000 0.000000 -0.000000 0.000000 1.000000 -0.000000 0.392307 -0.000000 0.000000 1.000000 1.085706 0.000000 0.000000 0.000000 1.000000
1.000000 -0.000000 -0.000000 -0.000000 -0.000000 1.000000 0.000000 0.392307 0.000000 0.000000 1.000000 1.085735 0.000000 0.000000 0.000000 1.000000
1.000000 0.000000 -0.000000 -0.000000 0.000000 1.000000 0.000000 0.392307 -0.000000 0.000000 1.000000 1.085772 0.000000 0.000000 0.000000 1.000000
1.000000 -0.000000 0.000000 0.000000 0.000000 1.000000 0.000000 0.392307 0.000000 0.000000 1.000000 1.085808 0.000000 0.000000 0.000000 1.000000
1.000000 0.000000 -0.000000 -0.000000 -0.000000 1.000000 -0.000000 0.392307 -0.000000 0.000000 1.000000 1.085837 0.000000 0.000000 0.000000 1.000000
1.000000 0.000000 -0.000000 -0.000000 -0.000000 1.000000 -0.000000 0.392307 0.000000 0.000000 1.000000 1.085859 0.000000 0.000000 0.000000 1.000000
1.000000 0.000000 0.000000 -0.000000 0.000000 1.000000 0.000000 0.392307 -0.000000 0.000000 1.000000 1.085872 0.000000 0.000000 0.000000 1.000000
1.000000 0.000000 0.000000 0.000000 -0.000000 1.000000 0.000000 0.392307 -0.000000 -0.000000 1.000000 1.085880 0.000000 0.000000 0.000000 1.000000
1.000000 0.000000 0.000000 0.000000 0.000000 1.000000 0.000000 0.392307 0.000000 0.000000 1.000000 1.085882 0.000000 0.000000 0.000000 1.000000
1.000000 0.000000 -0.000000 0.000000 -0.000000 1.000000 0.000000 0.392307 0.000000 0.000000 1.000000 1.085883 0.000000 0.000000 0.000000 1.000000
1.000000 -0.000000 -0.000000 -0.000000 -0.000000 1.000000 -0.000000 0.392307 -0.000000 0.000000 1.000000 1.085815 0.000000 0.000000 0.000000 1.000000
1.000000 0.000000 -0.000000 0.000000 0.000000 1.000000 0.000000 0.392307 -0.000000 -0.000000 1.000000 1.085707 0.000000 0.000000 0.000000 1.000000
1.000000 0.000000 0.000000 0.000000 -0.000000 1.000000 0.000000 0.392307 0.000000 0.000000 1.000000 1.085808 0.000000 0.000000 0.000000 1.000000
1.000000 -0.000000 0.000000 0.000000 0.000000 1.000000 -0.000000 0.392307 -0.000000 0.000000 1.000000 1.086521 0.000000 0.000000 0.000000 1.000000
1.000000 0.000000 0.000000 -0.000000 -0.000000 1.000000 0.000000 0.392307 0.000000 0.000000 1.000000 1.088318 0.000000 0.000000 0.000000 1.000000
1.000000 0.000000 -0.000000 -0.000000 -0.000000 1.000000 0.000000 0.392307 0.000000 -0.000000 1.000000 1.091537 0.000000 0.000000 0.000000 1.000000
1.000000 0.000000 0.000000 0.000000 0.000000 1.000000 -0.000000 0.392307 0.000000 -0.000000 1.000000 1.096106 0.000000 0.000000 0.000000 1.000000
1.000000 -0.000000 0.000000 -0.000000 -0.000000 1.000000 0.000000 0.392307 0.000000 0.000000 1.000000 1.108223 0.000000 0.000000 0.000000 1.000000
1.000000 0.000000 0.000000 -0.000000 -0.000000 1.000000 -0.000000 0.392307 0.000000 0.000000 1.000000 1.131839 0.000000 0.000000 0.000000 1.000000
1.000000 0.000000 0.000000 -0.000000 0.000000 1.000000 -0.000000 0.392307 0.000000 0.000000 1.000000 1.131839 0.000000 0.000000 0.000000 1.000000
1.000000 0.000000 0.000000 -0.000000 0.000000 1.000000 0.000000 0.392307 0.000000 0.000000 1.000000 1.131839 0.000000 0.000000 0.000000 1.000000
1.000000 -0.000000 0.000000 -0.000000 -0.000000 1.000000 0.000000 0.392307 0.000000 -0.000000 1.000000 1.131839 0.000000 0.000000 0.000000 1.000000
1.000000 0.000000 -0.000000 -0.000000 0.000000 1.000000 -0.000000 0.392307 -0.000000 0.000000 1.000000 1.131839 0.000000 0.000000 0.000000 1.000000
1.000000 0.000000 0.000000 -0.000000 -0.000000 1.000000 0.000000 0.392307 -0.000000 0.000000 1.000000 1.131839 0.000000 0.000000 0.000000 1.000000
1.000000 0.000000 0.000000 -0.000000 0.000000 1.000000 -0.000000 0.392307 -0.000000 0.000000 1.000000 1.131839 0.000000 0.000000 0.000000 1.000000
1.000000 0.000000 -0.000000 -0.000000 0.000000 1.000000 -0.000000 0.392307 0.000000 0.000000 1.000000 1.131839 0.000000 0.000000 0.000000 1.000000
1.000000 -0.000000 -0.000000 -0.000000 -0.000000 1.000000 0.000000 0.392307 0.000000 0.000000 1.000000 1.131839 0.000000 0.000000 0.000000 1.000000
1.000000 -0.000000 -0.000000 -0.000000 -0.000000 1.000000 0.000000 0.392307 0.000000 0.000000 1.000000 1.131839 0.000000 0.000000 0.000000 1.000000
1.000000 0.000000 0.000000 -0.000000 -0.000000 1.000000 0.000000 0.392307 0.000000 0.000000 1.000000 1.131839 0.000000 0.000000 0.000000 1.000000</float_array><technique_common><accessor source="#pipe-Matrix-animation-output-transform-array" count="41" stride="16"><param type="float4x4"/></accessor></technique_common></source><source id="pipe-Interpolations"><Name_array id="pipe-Interpolations-array" count="41">
 LINEAR LINEAR LINEAR LINEAR LINEAR LINEAR LINEAR LINEAR LINEAR LINEAR LINEAR
LINEAR LINEAR LINEAR LINEAR LINEAR LINEAR LINEAR LINEAR LINEAR LINEAR LINEAR LINEAR
LINEAR LINEAR LINEAR LINEAR LINEAR LINEAR LINEAR LINEAR LINEAR LINEAR LINEAR LINEAR
LINEAR LINEAR LINEAR LINEAR LINEAR LINEAR</Name_array><technique_common><accessor source="#pipe-Interpolations-array" count="41"><param type="name"/></accessor></technique_common></source><sampler id="pipe-Matrix-animation-transform"><input semantic="INPUT" source="#pipe-Matrix-animation-input"/><input semantic="OUTPUT" source="#pipe-Matrix-animation-output-transform"/><input semantic="INTERPOLATION" source="#pipe-Interpolations"/></sampler><channel source="#pipe-Matrix-animation-transform" target="pipe/matrix"/></animation></animation>
    <animation id="jnt_gizmo-anim" name="jnt_gizmo"><animation><source id="jnt_gizmo-Matrix-animation-input"><float_array id="jnt_gizmo-Matrix-animation-input-array" count="41">

0.000000 0.033333 0.066667 0.100000 0.133333 0.166667 0.200000 0.233333 0.266667 0.300000 0.333333 0.366667 0.400000 0.433333 0.466667 0.500000
0.533333 0.566667 0.600000 0.633333 0.666667 0.700000 0.733333 0.766667 0.800000 0.833333 0.866667 0.900000 0.933333 0.966667 1.000000 1.033333
1.066667 1.100000 1.133333 1.166667 1.200000 1.233333 1.266667 1.300000 1.333333</float_array><technique_common><accessor source="#jnt_gizmo-Matrix-animation-input-array" count="41"><param name="TIME" type="float"/></accessor></technique_common></source><source id="jnt_gizmo-Matrix-animation-output-transform"><float_array id="jnt_gizmo-Matrix-animation-output-transform-array" count="656">

1.000000 0.000001 -0.000000 -0.000468 -0.000001 1.000000 0.000000 0.403271 -0.000000 -0.000000 1.000000 -0.032267 0.000000 0.000000 0.000000 1.000000
1.000000 0.000001 -0.000000 -0.000468 -0.000001 1.000000 0.000000 0.403271 0.000000 -0.000000 1.000000 -0.032267 0.000000 0.000000 0.000000 1.000000
1.000000 0.000001 0.000000 -0.000468 -0.000001 1.000000 0.000000 0.403271 0.000000 -0.000000 1.000000 -0.032267 0.000000 0.000000 0.000000 1.000000
1.000000 0.000001 -0.000000 -0.000468 -0.000001 1.000000 0.000000 0.403271 0.000000 0.000000 1.000000 -0.032267 0.000000 0.000000 0.000000 1.000000
1.000000 0.000000 0.000000 -0.000468 -0.000000 1.000000 0.000000 0.403271 0.000000 0.000000 1.000000 -0.032267 0.000000 0.000000 0.000000 1.000000
1.000000 0.000000 0.000000 -0.000468 -0.000000 1.000000 0.000000 0.403271 0.000000 -0.000000 1.000000 -0.032267 0.000000 0.000000 0.000000 1.000000
1.000000 0.000000 0.000000 -0.000468 -0.000000 1.000000 -0.000000 0.403271 0.000000 -0.000000 1.000000 -0.032267 0.000000 0.000000 0.000000 1.000000
1.000000 0.000000 -0.000000 -0.000468 -0.000000 1.000000 0.000000 0.403271 0.000000 0.000000 1.000000 -0.032267 0.000000 0.000000 0.000000 1.000000
1.000000 0.000000 0.000000 -0.000468 -0.000000 1.000000 0.000000 0.403271 0.000000 0.000000 1.000000 -0.032267 0.000000 0.000000 0.000000 1.000000
1.000000 0.000000 0.000000 -0.000468 -0.000000 1.000000 0.000000 0.403271 0.000000 0.000000 1.000000 -0.032267 0.000000 0.000000 0.000000 1.000000
0.984240 0.176841 -0.000000 -0.000468 -0.176841 0.984240 -0.000000 0.403271 -0.000000 -0.000000 1.000000 -0.032267 0.000000 0.000000 0.000000 1.000000
0.982709 0.185157 0.000000 -0.000468 -0.185157 0.982709 0.000000 0.403271 0.000000 0.000000 1.000000 -0.032267 0.000000 0.000000 0.000000 1.000000
0.982172 0.187986 0.000000 -0.000468 -0.187986 0.982172 -0.000000 0.403271 -0.000000 -0.000000 1.000000 -0.032267 0.000000 0.000000 0.000000 1.000000
0.981783 0.190008 -0.000000 -0.000468 -0.190008 0.981783 0.000000 0.403271 -0.000000 -0.000000 1.000000 -0.032267 0.000000 0.000000 0.000000 1.000000
0.981506 0.191431 -0.000000 -0.000468 -0.191431 0.981506 0.000000 0.403271 0.000000 0.000000 1.000000 -0.032267 0.000000 0.000000 0.000000 1.000000
0.981314 0.192413 0.000000 -0.000468 -0.192413 0.981314 0.000000 0.403271 0.000000 0.000000 1.000000 -0.032267 0.000000 0.000000 0.000000 1.000000
0.981185 0.193069 -0.000000 -0.000468 -0.193069 0.981185 -0.000000 0.403271 -0.000000 0.000000 1.000000 -0.032267 0.000000 0.000000 0.000000 1.000000
0.981103 0.193488 -0.000000 -0.000468 -0.193488 0.981103 -0.000000 0.403271 0.000000 0.000000 1.000000 -0.032267 0.000000 0.000000 0.000000 1.000000
0.981054 0.193733 0.000000 -0.000468 -0.193733 0.981054 0.000000 0.403271 -0.000000 -0.000000 1.000000 -0.032267 0.000000 0.000000 0.000000 1.000000
0.981030 0.193857 0.000000 -0.000468 -0.193857 0.981030 0.000000 0.403271 0.000000 -0.000000 1.000000 -0.032267 0.000000 0.000000 0.000000 1.000000
0.981021 0.193902 0.000000 -0.000468 -0.193902 0.981021 0.000000 0.403271 0.000000 0.000000 1.000000 -0.032267 0.000000 0.000000 0.000000 1.000000
0.981020 0.193908 -0.000000 -0.000468 -0.193908 0.981020 0.000000 0.403271 0.000000 0.000000 1.000000 -0.032267 0.000000 0.000000 0.000000 1.000000
0.981280 0.192587 -0.000000 -0.000468 -0.192587 0.981280 -0.000000 0.403271 -0.000000 0.000000 1.000000 -0.032267 0.000000 0.000000 0.000000 1.000000
0.982152 0.188090 -0.000000 -0.000468 -0.188090 0.982152 0.000000 0.403271 0.000000 -0.000000 1.000000 -0.032267 0.000000 0.000000 0.000000 1.000000
0.983841 0.179043 0.000000 -0.000468 -0.179043 0.983841 0.000000 0.403271 0.000000 0.000000 1.000000 -0.032267 0.000000 0.000000 0.000000 1.000000
0.986428 0.164192 0.000000 -0.000468 -0.164192 0.986428 -0.000000 0.403271 0.000000 -0.000000 1.000000 -0.032267 0.000000 0.000000 0.000000 1.000000
0.989685 0.143261 0.000000 -0.000468 -0.143261 0.989685 0.000000 0.403271 0.000000 -0.000000 1.000000 -0.032267 0.000000 0.000000 0.000000 1.000000
0.993081 0.117427 -0.000000 -0.000468 -0.117427 0.993081 0.000000 0.403271 -0.000000 -0.000000 1.000000 -0.032267 0.000000 0.000000 0.000000 1.000000
0.996006 0.089286 0.000000 -0.000468 -0.089286 0.996006 -0.000000 0.403271 0.000000 -0.000000 1.000000 -0.032267 0.000000 0.000000 0.000000 1.000000
0.999472 0.032503 0.000000 -0.000468 -0.032503 0.999472 0.000000 0.403271 0.000000 -0.000000 1.000000 -0.032267 0.000000 0.000000 0.000000 1.000000
1.000000 0.000001 0.000000 -0.000468 -0.000001 1.000000 -0.000000 0.403271 0.000000 0.000000 1.000000 -0.032267 0.000000 0.000000 0.000000 1.000000
1.000000 -0.000000 0.000000 -0.000468 0.000000 1.000000 -0.000000 0.403271 0.000000 0.000000 1.000000 -0.032267 0.000000 0.000000 0.000000 1.000000
1.000000 0.000000 0.000000 -0.000468 -0.000000 1.000000 0.000000 0.403271 0.000000 0.000000 1.000000 -0.032267 0.000000 0.000000 0.000000 1.000000
1.000000 0.000000 0.000000 -0.000468 -0.000000 1.000000 0.000000 0.403271 0.000000 -0.000000 1.000000 -0.032267 0.000000 0.000000 0.000000 1.000000
1.000000 0.000000 -0.000000 -0.000468 -0.000000 1.000000 -0.000000 0.403271 -0.000000 0.000000 1.000000 -0.032267 0.000000 0.000000 0.000000 1.000000
1.000000 0.000000 0.000000 -0.000468 -0.000000 1.000000 0.000000 0.403271 -0.000000 0.000000 1.000000 -0.032267 0.000000 0.000000 0.000000 1.000000
1.000000 0.000000 0.000000 -0.000468 -0.000000 1.000000 -0.000000 0.403271 -0.000000 0.000000 1.000000 -0.032267 0.000000 0.000000 0.000000 1.000000
1.000000 0.000000 -0.000000 -0.000468 -0.000000 1.000000 -0.000000 0.403271 0.000000 -0.000000 1.000000 -0.032267 0.000000 0.000000 0.000000 1.000000
1.000000 0.000000 -0.000000 -0.000468 -0.000000 1.000000 0.000000 0.403271 0.000000 0.000000 1.000000 -0.032267 0.000000 0.000000 0.000000 1.000000
1.000000 0.000001 -0.000000 -0.000468 -0.000001 1.000000 0.000000 0.403271 0.000000 0.000000 1.000000 -0.032267 0.000000 0.000000 0.000000 1.000000
